EndlessNurbs
ctrlpoints
0.02	-2	0
0.11	-1.81818	0
0.11	-1.61636	0
0.03	-1.45455	0
-0.01	-1.27273	0
0	-1.09091	0
-0.13	-0.909091	0
-0.13	-0.727273	0
-0.01	-0.545455	0
-0.05	-0.363636	0
0	-0.181818	0
0.11	-2.22045e-016	0
0.11	0.181818	0
0.02	0.363636	0
-0.08	0.545455	0
-0.02	0.727273	0
0.12	0.909091	0
0.08	1.09091	0
-0.01	1.27273	0
-0.04	1.45455	0
0	1.63636	0
-0.14	1.81818	0
0	2	0
knots
0
0
0
0
1
2
3
4
5
6
7
8
9
10
11
12
13
14
15
16
17
18
19
20
20
20
20
#Curvature
#4.88195
#4.88126
#4.88097
#4.88097
#4.87891
#4.87491
#4.86926
#4.86199
#4.85309
#4.8426
