EndlessNurbs
ctrlpoints
0	-607.382	0
0	-546.644	0
-31.1283	-507.924	0
0	-425.168	0
0	-364.429	0
-28.8507	-320.394	0
0	-242.953	0
28.8507	-195.881	0
0	-121.476	0
0	-60.7382	0
-28.8507	-15.9438	0
0	60.7382	0
-22.7768	116.921	0
0	182.215	0
28.8507	226.25	0
0	303.691	0
12.1476	364.429	0
0	425.168	0
-38.7206	471.481	0
0	546.644	0
0	607.382	0
knots
0
0
0
0
1
2
3
4
5
6
7
8
9
10
11
12
13
14
15
16
17
18
18
18
18
#Curvature
#60.3642
#60.367
#60.3744
#60.3827
#60.3977
#60.4113
#60.4342
#60.4528
#60.4838
#60.5071
#Length
#1250.08
#Scale
#200
