EndlessNurbs
ctrlpoints
0	-391.088	0
0	-358.498	0
23.9542	-334.218	0
0	-293.316	0
-16.6213	-260.726	0
0	-228.135	0
20.5321	-203.855	0
0	-162.954	0
0	-130.363	0
17.599	-102.661	0
-3.42202	-65.1814	0
-22.4876	-40.4125	0
0	0	0
15.6435	28.6798	0
0	65.1814	0
-21.021	89.9503	0
0	130.363	0
-20.0433	154.154	0
0	195.544	0
21.021	221.291	0
0	260.726	0
0.48886	293.316	0
28.8428	320.53	0
0	358.498	0
0	391.088	0
knots
0
0
0
0
1
2
3
4
5
6
7
8
9
10
11
12
13
14
15
16
17
18
19
20
21
22
22
22
22
#Curvature
#24.995
#24.9959
#25.0011
#25.0039
#25.0141
#25.0188
#25.0342
#25.0407
#25.0613
#25.0697
#Length
#832.472
#Scale
#200
