EndlessNurbs
ctrlpoints
0	-404	0
0	-370.333	0
-21.21	-343.232	0
0	-303	0
18.685	-269.333	0
0	-235.667	0
-18.18	-209.575	0
0	-168.333	0
0	-134.667	0
18.685	-108.07	0
0	-67.3333	0
-10.1	-33.6667	0
0	0	0
-18.685	27.6067	0
0	67.3333	0
0	101	0
18.685	127.597	0
0.505	168.333	0
-18.18	201.495	0
0	235.667	0
0	269.333	0
18.685	297.95	0
0	336.667	0
0	370.333	0
0	404	0
knots
0
0
0
0
1
2
3
4
5
6
7
8
9
10
11
12
13
14
15
16
17
18
19
20
21
22
22
22
22
#Curvature
#30.3303
#30.3303
#30.3303
#30.3303
#30.3303
#30.3303
#30.3303
#30.3695
#30.4143
#30.4241
#Length
#841.129
#Scale
#200
