EndlessNurbs
ctrlpoints
0	-408	0
22.95	-374	0
-9.69	-340	0
0	-306	0
0	-272	0
14.79	-248.71	0
0	-204	0
0	-170	0
-14.79	-141.1	0
0	-102	0
-12.24	-68	0
0	-34	0
14.79	-9.18	0
0	34	0
5.61	68	0
0	102	0
-14.79	130.9	0
0.51	170	0
-0.51	204	0
14.79	228.82	0
0	272	0
0	306	0
-18.87	329.29	0
0	374	0
0	408	0
knots
0
0
0
0
1
2
3
4
5
6
7
8
9
10
11
12
13
14
15
16
17
18
19
20
21
22
22
22
22
#Curvature
#38.0665
#38.067
#38.0714
#38.073
#38.0818
#38.0845
#38.0976
#38.1015
#38.1188
#38.1219
#Length
#837.534
#Scale
#200
