EndlessNurbs
ctrlpoints
0	-2	0
0	-1.81818	0
0.04	-1.63636	0
-0.09	-1.45455	0
-0.09	-1.27273	0
0	-1.09091	0
0.09	-0.909091	0
0.09	-0.727273	0
0	-0.545455	0
-0.04	-0.363636	0
-0.19	-0.181818	0
-0.19	-2.22045e-016	0
-0.08	0.181818	0
0.04	0.363636	0
0.08	0.545455	0
-0.02	0.727273	0
-0.04	0.909091	0
-0.06	1.09091	0
0.06	1.27273	0
0.1	1.45455	0
0	1.63636	0
-0.08	1.81818	0
0	2	0
knots
0
0
0
0
1
2
3
4
5
6
7
8
9
10
11
12
13
14
15
16
17
18
19
20
20
20
20
#Curvature
#4.06776
#4.06776
#4.06776
#4.06502
#4.06502
#4.06147
#4.06147
#4.05714
#4.05714
#4.05201
