EndlessNurbs
ctrlpoints
0	-2	0
-0.08	-1.80952	0
-0.13	-1.61905	0
-0.06	-1.42857	0
0.08	-1.2381	0
0.09	-1.04762	0
0.01	-0.857143	0
-0.05	-0.666667	0
0	-0.47619	0
-0.05	-0.285714	0
0.01	-0.0952381	0
0.05	0.0952381	0
-0.02	0.285714	0
0	0.47619	0
0.04	0.666667	0
0.14	0.857143	0
0.13	1.04762	0
0	1.2381	0
-0.1	1.42857	0
-0.1	1.61905	0
0	1.80952	0
0	2	0
knots
0
0
0
0
1
2
3
4
5
6
7
8
9
10
11
12
13
14
15
16
17
18
19
19
19
19
#Curvature
#3.15372
#3.15362
#3.15347
#3.15317
#3.15288
#3.15238
#3.15195
#3.15124
#3.15066
#3.14976
