EndlessNurbs
ctrlpoints
-1.96	-2	0
-2.05	-1.81818	0
-2.14	-1.63636	0
-2.05	-1.45455	0
-1.9	-1.27273	0
-0.97	-1.09091	0
-0.47	-0.909091	0
-0.01	-0.727273	0
-0.01	-0.545455	0
-0.06	-0.363636	0
-0.07	-0.181818	0
-0.02	-2.22045e-016	0
0	0.181818	0
0.11	0.363636	0
0	0.545455	0
0	0.727273	0
-0.33	0.909091	0
-0.45	1.09091	0
-0.45	1.27273	0
0	1.45455	0
0	1.63636	0
0.14	1.81818	0
0	2	0
knots
0
0
0
0
1
2
3
4
5
6
7
8
9
10
11
12
13
14
15
16
17
18
19
20
20
20
20
#Curvature
#8.00474
#8.00393
#7.9984
#7.99601
#7.98492
#7.98105
#7.96432
#7.95912
#7.93666
#7.93035
