EndlessNurbs
ctrlpoints
0	-614.88	0
0	-553.392	0
22.2894	-505.739	0
0	-430.416	0
-19.215	-381.994	0
0	-307.44	0
19.215	-253.638	0
0	-184.464	0
-19.215	-133.736	0
0	-61.488	0
0	-6.82654e-014	0
-19.215	46.116	0
0	122.976	0
13.0662	181.39	0
-0.7686	245.952	0
-19.9836	295.142	0
0	368.928	0
0	430.416	0
25.3638	480.375	0
0	553.392	0
0	614.88	0
knots
0
0
0
0
1
2
3
4
5
6
7
8
9
10
11
12
13
14
15
16
17
18
18
18
18
#Curvature
#96.7702
#96.7716
#96.7791
#96.7833
#96.7983
#96.8052
#96.8279
#96.8372
#96.868
#96.9187
#Length
#1250.75
#Scale
#200
