EndlessNurbs
ctrlpoints
0	-611.4	0
0	-550.26	0
29.8057	-502.876	0
0	-427.98	0
25.9845	-366.84	0
0	-305.7	0
-25.9845	-249.91	0
0	-183.42	0
0	-122.28	0
25.9845	-78.7177	0
0	-6.7879e-014	0
0	61.14	0
-25.2202	101.645	0
0	183.42	0
0	244.56	0
-25.9845	293.472	0
0	366.84	0
0	427.98	0
-34.3912	476.892	0
0	550.26	0
0	611.4	0
knots
0
0
0
0
1
2
3
4
5
6
7
8
9
10
11
12
13
14
15
16
17
18
18
18
18
#Curvature
#71.6325
#71.6346
#71.6416
#71.6481
#71.6619
#71.673
#71.6934
#71.7093
#71.7359
#71.7572
#Length
#1249.33
#Scale
#200
