EndlessNurbs
ctrlpoints
0	-610.04	0
0	-549.036	0
25.1641	-503.283	0
0	-427.028	0
-22.1139	-366.024	0
0	-305.02	0
22.1139	-244.016	0
0	-183.012	0
-22.1139	-129.633	0
0	-61.004	0
22.1139	-9.91315	0
0	61.004	0
0	122.008	0
22.1139	174.624	0
0	244.016	0
0	305.02	0
-22.1139	353.823	0
0	427.028	0
0	488.032	0
29.7394	530.735	0
0	610.04	0
knots
0
0
0
0
1
2
3
4
5
6
7
8
9
10
11
12
13
14
15
16
17
18
18
18
18
#Curvature
#83.1981
#83.2092
#83.2302
#83.2647
#83.3047
#83.3659
#83.4205
#83.485
#83.514
#83.5768
#Length
#1249.66
#Scale
#200
