0.	-400.	0.
0.625284	-399.252	0.
1.24117	-398.507	0.
1.84772	-397.767	0.
2.44499	-397.03	0.
3.03302	-396.297	0.
3.61188	-395.567	0.
4.18163	-394.841	0.
4.7423	-394.119	0.
5.29397	-393.4	0.
5.83669	-392.685	0.
6.3705	-391.973	0.
6.89548	-391.266	0.
7.41166	-390.561	0.
7.91911	-389.86	0.
8.41788	-389.163	0.
8.90803	-388.469	0.
9.38961	-387.779	0.
9.86268	-387.092	0.
10.3273	-386.409	0.
10.7835	-385.729	0.
11.2314	-385.053	0.
11.6709	-384.38	0.
12.1023	-383.71	0.
12.5254	-383.044	0.
12.9404	-382.381	0.
13.3474	-381.722	0.
13.7463	-381.066	0.
14.1373	-380.413	0.
14.5203	-379.763	0.
14.8956	-379.117	0.
15.263	-378.474	0.
15.6227	-377.835	0.
15.9746	-377.198	0.
16.319	-376.565	0.
16.6558	-375.935	0.
16.9851	-375.308	0.
17.3068	-374.685	0.
17.6212	-374.065	0.
17.9283	-373.447	0.
18.228	-372.833	0.
18.5205	-372.222	0.
18.8058	-371.615	0.
19.0839	-371.01	0.
19.355	-370.408	0.
19.6191	-369.81	0.
19.8762	-369.214	0.
20.1263	-368.622	0.
20.3697	-368.032	0.
20.6062	-367.445	0.
20.8359	-366.862	0.
21.059	-366.281	0.
21.2754	-365.704	0.
21.4853	-365.129	0.
21.6886	-364.557	0.
21.8854	-363.989	0.
22.0759	-363.423	0.
22.2599	-362.86	0.
22.4377	-362.299	0.
22.6092	-361.742	0.
22.7745	-361.188	0.
22.9337	-360.636	0.
23.0867	-360.087	0.
23.2338	-359.541	0.
23.3748	-358.997	0.
23.51	-358.457	0.
23.6393	-357.919	0.
23.7627	-357.384	0.
23.8804	-356.851	0.
23.9925	-356.321	0.
24.0988	-355.794	0.
24.1996	-355.27	0.
24.2948	-354.748	0.
24.3846	-354.229	0.
24.4689	-353.712	0.
24.5479	-353.198	0.
24.6215	-352.687	0.
24.6899	-352.178	0.
24.753	-351.672	0.
24.8111	-351.168	0.
24.864	-350.667	0.
24.9119	-350.168	0.
24.9548	-349.672	0.
24.9928	-349.178	0.
25.0259	-348.686	0.
25.0541	-348.198	0.
25.0777	-347.711	0.
25.0965	-347.227	0.
25.1106	-346.745	0.
25.1202	-346.266	0.
25.1252	-345.789	0.
25.1257	-345.314	0.
25.1218	-344.842	0.
25.1135	-344.372	0.
25.1009	-343.905	0.
25.084	-343.439	0.
25.0629	-342.976	0.
25.0377	-342.515	0.
25.0083	-342.056	0.
24.9749	-341.6	0.
24.9375	-341.146	0.
24.8962	-340.694	0.
24.8509	-340.244	0.
24.8019	-339.796	0.
24.7491	-339.351	0.
24.6926	-338.907	0.
24.6324	-338.466	0.
24.5686	-338.027	0.
24.5012	-337.589	0.
24.4304	-337.154	0.
24.3561	-336.721	0.
24.2784	-336.29	0.
24.1974	-335.861	0.
24.1131	-335.434	0.
24.0256	-335.009	0.
23.9349	-334.586	0.
23.8411	-334.165	0.
23.7443	-333.746	0.
23.6445	-333.329	0.
23.5417	-332.913	0.
23.436	-332.5	0.
23.3275	-332.088	0.
23.2162	-331.679	0.
23.1022	-331.271	0.
22.9855	-330.865	0.
22.8662	-330.461	0.
22.7444	-330.058	0.
22.62	-329.658	0.
22.4932	-329.259	0.
22.364	-328.862	0.
22.2324	-328.466	0.
22.0986	-328.072	0.
21.9626	-327.68	0.
21.8243	-327.29	0.
21.684	-326.902	0.
21.5416	-326.515	0.
21.3972	-326.129	0.
21.2508	-325.746	0.
21.1025	-325.364	0.
20.9524	-324.983	0.
20.8005	-324.604	0.
20.6469	-324.227	0.
20.4916	-323.851	0.
20.3346	-323.477	0.
20.1761	-323.104	0.
20.0161	-322.733	0.
19.8546	-322.363	0.
19.6918	-321.995	0.
19.5276	-321.628	0.
19.3621	-321.262	0.
19.1953	-320.898	0.
19.0274	-320.536	0.
18.8583	-320.175	0.
18.6882	-319.815	0.
18.5171	-319.456	0.
18.345	-319.099	0.
18.172	-318.743	0.
17.9981	-318.389	0.
17.8235	-318.036	0.
17.6481	-317.684	0.
17.472	-317.333	0.
17.2953	-316.984	0.
17.118	-316.636	0.
16.9402	-316.289	0.
16.7619	-315.943	0.
16.5833	-315.599	0.
16.4042	-315.255	0.
16.2249	-314.913	0.
16.0453	-314.572	0.
15.8656	-314.232	0.
15.6857	-313.893	0.
15.5057	-313.555	0.
15.3257	-313.219	0.
15.1457	-312.883	0.
14.9659	-312.549	0.
14.7861	-312.215	0.
14.6066	-311.883	0.
14.4273	-311.551	0.
14.2483	-311.221	0.
14.0697	-310.891	0.
13.8915	-310.562	0.
13.7138	-310.235	0.
13.5366	-309.908	0.
13.3599	-309.582	0.
13.184	-309.257	0.
13.0087	-308.933	0.
12.8341	-308.61	0.
12.6604	-308.288	0.
12.4875	-307.966	0.
12.3156	-307.645	0.
12.1446	-307.326	0.
11.9746	-307.006	0.
11.8057	-306.688	0.
11.6379	-306.37	0.
11.4714	-306.053	0.
11.306	-305.737	0.
11.142	-305.422	0.
10.9793	-305.107	0.
10.8181	-304.793	0.
10.6583	-304.479	0.
10.5	-304.167	0.
10.3433	-303.854	0.
10.1881	-303.543	0.
10.0346	-303.232	0.
9.88252	-302.922	0.
9.73202	-302.612	0.
9.58307	-302.303	0.
9.43564	-301.994	0.
9.28973	-301.686	0.
9.14533	-301.379	0.
9.00244	-301.072	0.
8.86104	-300.766	0.
8.72113	-300.461	0.
8.5827	-300.156	0.
8.44575	-299.851	0.
8.31026	-299.548	0.
8.17622	-299.245	0.
8.04364	-298.942	0.
7.9125	-298.64	0.
7.78278	-298.338	0.
7.6545	-298.038	0.
7.52763	-297.737	0.
7.40217	-297.437	0.
7.27812	-297.138	0.
7.15546	-296.839	0.
7.03418	-296.541	0.
6.91428	-296.244	0.
6.79575	-295.947	0.
6.67859	-295.65	0.
6.56278	-295.354	0.
6.44831	-295.059	0.
6.33519	-294.764	0.
6.22339	-294.47	0.
6.11292	-294.176	0.
6.00376	-293.882	0.
5.89591	-293.59	0.
5.78936	-293.297	0.
5.68411	-293.006	0.
5.58013	-292.714	0.
5.47743	-292.424	0.
5.376	-292.133	0.
5.27583	-291.844	0.
5.17691	-291.554	0.
5.07923	-291.266	0.
4.9828	-290.977	0.
4.88759	-290.69	0.
4.7936	-290.402	0.
4.70082	-290.115	0.
4.60925	-289.829	0.
4.51887	-289.543	0.
4.42969	-289.258	0.
4.34168	-288.973	0.
4.25485	-288.688	0.
4.16919	-288.404	0.
4.08468	-288.121	0.
4.00132	-287.838	0.
3.9191	-287.555	0.
3.83802	-287.273	0.
3.75807	-286.991	0.
3.67923	-286.71	0.
3.6015	-286.429	0.
3.52487	-286.149	0.
3.44934	-285.869	0.
3.3749	-285.589	0.
3.30154	-285.31	0.
3.22924	-285.031	0.
3.15801	-284.753	0.
3.08784	-284.475	0.
3.01871	-284.198	0.
2.95062	-283.921	0.
2.88356	-283.644	0.
2.81753	-283.368	0.
2.75251	-283.092	0.
2.6885	-282.817	0.
2.62549	-282.542	0.
2.56348	-282.267	0.
2.50244	-281.993	0.
2.44239	-281.719	0.
2.3833	-281.446	0.
2.32517	-281.173	0.
2.268	-280.9	0.
2.21177	-280.628	0.
2.15648	-280.356	0.
2.10212	-280.084	0.
2.04868	-279.813	0.
1.99615	-279.542	0.
1.94453	-279.272	0.
1.8938	-279.002	0.
1.84397	-278.732	0.
1.79502	-278.462	0.
1.74694	-278.193	0.
1.69973	-277.924	0.
1.65337	-277.656	0.
1.60787	-277.388	0.
1.56321	-277.12	0.
1.51938	-276.853	0.
1.47638	-276.586	0.
1.4342	-276.319	0.
1.39284	-276.053	0.
1.35227	-275.787	0.
1.3125	-275.521	0.
1.27352	-275.255	0.
1.23531	-274.99	0.
1.19788	-274.725	0.
1.16122	-274.461	0.
1.1253	-274.197	0.
1.09014	-273.933	0.
1.05572	-273.669	0.
1.02203	-273.406	0.
0.989062	-273.142	0.
0.956812	-272.88	0.
0.925272	-272.617	0.
0.894432	-272.355	0.
0.864285	-272.093	0.
0.834823	-271.831	0.
0.806039	-271.57	0.
0.777924	-271.309	0.
0.75047	-271.048	0.
0.72367	-270.787	0.
0.697516	-270.527	0.
0.672	-270.267	0.
0.647114	-270.007	0.
0.622849	-269.747	0.
0.5992	-269.488	0.
0.576156	-269.229	0.
0.553711	-268.97	0.
0.531856	-268.711	0.
0.510585	-268.453	0.
0.489888	-268.194	0.
0.469758	-267.936	0.
0.450187	-267.679	0.
0.431168	-267.421	0.
0.412692	-267.164	0.
0.394751	-266.907	0.
0.377338	-266.65	0.
0.360445	-266.393	0.
0.344064	-266.137	0.
0.328187	-265.88	0.
0.312805	-265.624	0.
0.297913	-265.368	0.
0.2835	-265.113	0.
0.26956	-264.857	0.
0.256084	-264.602	0.
0.243066	-264.346	0.
0.230496	-264.091	0.
0.218367	-263.837	0.
0.206671	-263.582	0.
0.195401	-263.328	0.
0.184548	-263.073	0.
0.174104	-262.819	0.
0.164062	-262.565	0.
0.154414	-262.311	0.
0.145152	-262.058	0.
0.136268	-261.804	0.
0.127753	-261.551	0.
0.119602	-261.297	0.
0.111804	-261.044	0.
0.104353	-260.791	0.
9.72405e-002	-260.539	0.
9.04588e-002	-260.286	0.
8.4e-002	-260.033	0.
7.78562e-002	-259.781	0.
7.20195e-002	-259.529	0.
6.64821e-002	-259.276	0.
6.1236e-002	-259.024	0.
5.62734e-002	-258.772	0.
5.15865e-002	-258.52	0.
4.71673e-002	-258.269	0.
4.3008e-002	-258.017	0.
3.91007e-002	-257.766	0.
3.54375e-002	-257.514	0.
3.20106e-002	-257.263	0.
2.8812e-002	-257.011	0.
2.58339e-002	-256.76	0.
2.30685e-002	-256.509	0.
2.05078e-002	-256.258	0.
1.8144e-002	-256.007	0.
1.59692e-002	-255.756	0.
1.39755e-002	-255.506	0.
1.21551e-002	-255.255	0.
1.05e-002	-255.004	0.
9.00244e-003	-254.754	0.
7.6545e-003	-254.503	0.
6.44831e-003	-254.253	0.
5.376e-003	-254.002	0.
4.42969e-003	-253.752	0.
3.6015e-003	-253.501	0.
2.88356e-003	-253.251	0.
2.268e-003	-253.001	0.
1.74694e-003	-252.751	0.
1.3125e-003	-252.501	0.
9.56812e-004	-252.25	0.
6.72e-004	-252.	0.
4.50187e-004	-251.75	0.
2.835e-004	-251.5	0.
1.64062e-004	-251.25	0.
8.4e-005	-251.	0.
3.54375e-005	-250.75	0.
1.05e-005	-250.5	0.
1.3125e-006	-250.25	0.
1.01701e-040	-250.	0.
0.	-250.	0.
-5.20833e-007	-249.75	0.
-4.16667e-006	-249.5	0.
-1.40625e-005	-249.25	0.
-3.33333e-005	-249.	0.
-6.51042e-005	-248.75	0.
-1.125e-004	-248.5	0.
-1.78646e-004	-248.25	0.
-2.66667e-004	-248.	0.
-3.79687e-004	-247.75	0.
-5.20833e-004	-247.5	0.
-6.93229e-004	-247.25	0.
-9.e-004	-247.	0.
-1.14427e-003	-246.75	0.
-1.42917e-003	-246.5	0.
-1.75781e-003	-246.25	0.
-2.13333e-003	-246.	0.
-2.55885e-003	-245.75	0.
-3.0375e-003	-245.5	0.
-3.5724e-003	-245.25	0.
-4.16667e-003	-245.	0.
-4.82344e-003	-244.75	0.
-5.54583e-003	-244.5	0.
-6.33698e-003	-244.25	0.
-7.2e-003	-244.	0.
-8.13802e-003	-243.75	0.
-9.15417e-003	-243.5	0.
-1.02516e-002	-243.25	0.
-1.14333e-002	-243.	0.
-1.27026e-002	-242.75	0.
-1.40625e-002	-242.5	0.
-1.55161e-002	-242.25	0.
-1.70667e-002	-242.	0.
-1.87172e-002	-241.75	0.
-2.04708e-002	-241.5	0.
-2.23307e-002	-241.25	0.
-2.43e-002	-241.	0.
-2.63818e-002	-240.75	0.
-2.85792e-002	-240.5	0.
-3.08953e-002	-240.25	0.
-3.33333e-002	-240.	0.
-3.58964e-002	-239.75	0.
-3.85875e-002	-239.5	0.
-4.14099e-002	-239.25	0.
-4.43667e-002	-239.	0.
-4.74609e-002	-238.75	0.
-5.06958e-002	-238.5	0.
-5.40745e-002	-238.25	0.
-5.76e-002	-238.	0.
-6.12755e-002	-237.75	0.
-6.51042e-002	-237.5	0.
-6.90891e-002	-237.25	0.
-7.32333e-002	-237.	0.
-7.75401e-002	-236.75	0.
-8.20125e-002	-236.5	0.
-8.66536e-002	-236.25	0.
-9.14667e-002	-236.	0.
-9.64547e-002	-235.75	0.
-0.101621	-235.5	0.
-0.106968	-235.25	0.
-0.1125	-235.	0.
-0.118219	-234.75	0.
-0.124129	-234.5	0.
-0.130233	-234.25	0.
-0.136533	-234.	0.
-0.143034	-233.75	0.
-0.149737	-233.5	0.
-0.156647	-233.25	0.
-0.163767	-233.	0.
-0.171098	-232.75	0.
-0.178646	-232.5	0.
-0.186412	-232.25	0.
-0.1944	-232.	0.
-0.202613	-231.75	0.
-0.211054	-231.5	0.
-0.219727	-231.25	0.
-0.228633	-231.	0.
-0.237778	-230.75	0.
-0.247162	-230.5	0.
-0.256791	-230.25	0.
-0.266667	-230.	0.
-0.276792	-229.75	0.
-0.287171	-229.5	0.
-0.297806	-229.25	0.
-0.3087	-229.	0.
-0.319857	-228.75	0.
-0.331279	-228.5	0.
-0.34297	-228.25	0.
-0.354933	-228.	0.
-0.367171	-227.75	0.
-0.379687	-227.5	0.
-0.392485	-227.25	0.
-0.405567	-227.	0.
-0.418936	-226.75	0.
-0.432596	-226.5	0.
-0.446549	-226.25	0.
-0.4608	-226.	0.
-0.475351	-225.75	0.
-0.490204	-225.5	0.
-0.505364	-225.25	0.
-0.520833	-225.	0.
-0.536615	-224.75	0.
-0.552712	-224.5	0.
-0.569129	-224.25	0.
-0.585867	-224.	0.
-0.60293	-223.75	0.
-0.620321	-223.5	0.
-0.638043	-223.25	0.
-0.6561	-223.	0.
-0.674494	-222.75	0.
-0.693229	-222.5	0.
-0.712308	-222.25	0.
-0.731733	-222.	0.
-0.751509	-221.75	0.
-0.771637	-221.5	0.
-0.792122	-221.25	0.
-0.812967	-221.	0.
-0.834173	-220.75	0.
-0.855746	-220.5	0.
-0.877687	-220.25	0.
-0.9	-220.	0.
-0.922688	-219.75	0.
-0.945754	-219.5	0.
-0.969202	-219.25	0.
-0.993033	-219.	0.
-1.01725	-218.75	0.
-1.04186	-218.5	0.
-1.06687	-218.25	0.
-1.09227	-218.	0.
-1.11807	-217.75	0.
-1.14427	-217.5	0.
-1.17088	-217.25	0.
-1.1979	-217.	0.
-1.22533	-216.75	0.
-1.25318	-216.5	0.
-1.28145	-216.25	0.
-1.31013	-216.	0.
-1.33925	-215.75	0.
-1.36879	-215.5	0.
-1.39876	-215.25	0.
-1.42917	-215.	0.
-1.46001	-214.75	0.
-1.4913	-214.5	0.
-1.52302	-214.25	0.
-1.5552	-214.	0.
-1.58783	-213.75	0.
-1.6209	-213.5	0.
-1.65444	-213.25	0.
-1.68843	-213.	0.
-1.72289	-212.75	0.
-1.75781	-212.5	0.
-1.7932	-212.25	0.
-1.82907	-212.	0.
-1.8654	-211.75	0.
-1.90222	-211.5	0.
-1.93952	-211.25	0.
-1.9773	-211.	0.
-2.01557	-210.75	0.
-2.05433	-210.5	0.
-2.09358	-210.25	0.
-2.13333	-210.	0.
-2.17358	-209.75	0.
-2.21434	-209.5	0.
-2.2556	-209.25	0.
-2.29737	-209.	0.
-2.33965	-208.75	0.
-2.38245	-208.5	0.
-2.42576	-208.25	0.
-2.4696	-208.	0.
-2.51396	-207.75	0.
-2.55885	-207.5	0.
-2.60428	-207.25	0.
-2.65023	-207.	0.
-2.69673	-206.75	0.
-2.74376	-206.5	0.
-2.79134	-206.25	0.
-2.83947	-206.	0.
-2.88814	-205.75	0.
-2.93737	-205.5	0.
-2.98716	-205.25	0.
-3.0375	-205.	0.
-3.08841	-204.75	0.
-3.13988	-204.5	0.
-3.19192	-204.25	0.
-3.24453	-204.	0.
-3.29772	-203.75	0.
-3.35149	-203.5	0.
-3.40583	-203.25	0.
-3.46077	-203.	0.
-3.51629	-202.75	0.
-3.5724	-202.5	0.
-3.6291	-202.25	0.
-3.6864	-202.	0.
-3.7443	-201.75	0.
-3.8028	-201.5	0.
-3.86191	-201.25	0.
-3.92163	-201.	0.
-3.98197	-200.75	0.
-4.04291	-200.5	0.
-4.10448	-200.25	0.
-4.16667	-200.	0.
-4.16667	-200.	0.
-4.22948	-199.75	0.
-4.2929	-199.5	0.
-4.35694	-199.25	0.
-4.42157	-199.	0.
-4.48678	-198.75	0.
-4.55258	-198.5	0.
-4.61894	-198.25	0.
-4.68587	-198.	0.
-4.75334	-197.75	0.
-4.82135	-197.5	0.
-4.8899	-197.25	0.
-4.95897	-197.	0.
-5.02855	-196.75	0.
-5.09863	-196.5	0.
-5.16921	-196.25	0.
-5.24027	-196.	0.
-5.3118	-195.75	0.
-5.3838	-195.5	0.
-5.45626	-195.25	0.
-5.52917	-195.	0.
-5.60251	-194.75	0.
-5.67628	-194.5	0.
-5.75047	-194.25	0.
-5.82507	-194.	0.
-5.90006	-193.75	0.
-5.97545	-193.5	0.
-6.05122	-193.25	0.
-6.12737	-193.	0.
-6.20387	-192.75	0.
-6.28073	-192.5	0.
-6.35793	-192.25	0.
-6.43547	-192.	0.
-6.51333	-191.75	0.
-6.5915	-191.5	0.
-6.66999	-191.25	0.
-6.74877	-191.	0.
-6.82783	-190.75	0.
-6.90718	-190.5	0.
-6.98679	-190.25	0.
-7.06667	-190.	0.
-7.14679	-189.75	0.
-7.22715	-189.5	0.
-7.30775	-189.25	0.
-7.38857	-189.	0.
-7.4696	-188.75	0.
-7.55083	-188.5	0.
-7.63226	-188.25	0.
-7.71387	-188.	0.
-7.79565	-187.75	0.
-7.8776	-187.5	0.
-7.95971	-187.25	0.
-8.04197	-187.	0.
-8.12436	-186.75	0.
-8.20688	-186.5	0.
-8.28952	-186.25	0.
-8.37227	-186.	0.
-8.45511	-185.75	0.
-8.53805	-185.5	0.
-8.62107	-185.25	0.
-8.70417	-185.	0.
-8.78732	-184.75	0.
-8.87053	-184.5	0.
-8.95378	-184.25	0.
-9.03707	-184.	0.
-9.12038	-183.75	0.
-9.2037	-183.5	0.
-9.28704	-183.25	0.
-9.37037	-183.	0.
-9.45368	-182.75	0.
-9.53698	-182.5	0.
-9.62024	-182.25	0.
-9.70347	-182.	0.
-9.78664	-181.75	0.
-9.86975	-181.5	0.
-9.9528	-181.25	0.
-10.0358	-181.	0.
-10.1186	-180.75	0.
-10.2014	-180.5	0.
-10.2841	-180.25	0.
-10.3667	-180.	0.
-10.4491	-179.75	0.
-10.5314	-179.5	0.
-10.6136	-179.25	0.
-10.6956	-179.	0.
-10.7774	-178.75	0.
-10.8591	-178.5	0.
-10.9406	-178.25	0.
-11.0219	-178.	0.
-11.103	-177.75	0.
-11.1839	-177.5	0.
-11.2645	-177.25	0.
-11.345	-177.	0.
-11.4252	-176.75	0.
-11.5051	-176.5	0.
-11.5848	-176.25	0.
-11.6643	-176.	0.
-11.7434	-175.75	0.
-11.8223	-175.5	0.
-11.9009	-175.25	0.
-11.9792	-175.	0.
-12.0571	-174.75	0.
-12.1348	-174.5	0.
-12.2121	-174.25	0.
-12.2891	-174.	0.
-12.3657	-173.75	0.
-12.442	-173.5	0.
-12.5178	-173.25	0.
-12.5934	-173.	0.
-12.6685	-172.75	0.
-12.7432	-172.5	0.
-12.8176	-172.25	0.
-12.8915	-172.	0.
-12.965	-171.75	0.
-13.038	-171.5	0.
-13.1106	-171.25	0.
-13.1828	-171.	0.
-13.2545	-170.75	0.
-13.3257	-170.5	0.
-13.3964	-170.25	0.
-13.4667	-170.	0.
-13.5364	-169.75	0.
-13.6057	-169.5	0.
-13.6744	-169.25	0.
-13.7426	-169.	0.
-13.8102	-168.75	0.
-13.8773	-168.5	0.
-13.9439	-168.25	0.
-14.0099	-168.	0.
-14.0753	-167.75	0.
-14.1401	-167.5	0.
-14.2043	-167.25	0.
-14.268	-167.	0.
-14.331	-166.75	0.
-14.3934	-166.5	0.
-14.4551	-166.25	0.
-14.5163	-166.	0.
-14.5767	-165.75	0.
-14.6366	-165.5	0.
-14.6957	-165.25	0.
-14.7542	-165.	0.
-14.8119	-164.75	0.
-14.869	-164.5	0.
-14.9254	-164.25	0.
-14.9811	-164.	0.
-15.036	-163.75	0.
-15.0902	-163.5	0.
-15.1437	-163.25	0.
-15.1964	-163.	0.
-15.2483	-162.75	0.
-15.2995	-162.5	0.
-15.3499	-162.25	0.
-15.3995	-162.	0.
-15.4483	-161.75	0.
-15.4963	-161.5	0.
-15.5434	-161.25	0.
-15.5898	-161.	0.
-15.6353	-160.75	0.
-15.6799	-160.5	0.
-15.7237	-160.25	0.
-15.7667	-160.	0.
-15.8087	-159.75	0.
-15.8499	-159.5	0.
-15.8902	-159.25	0.
-15.9296	-159.	0.
-15.968	-158.75	0.
-16.0056	-158.5	0.
-16.0422	-158.25	0.
-16.0779	-158.	0.
-16.1126	-157.75	0.
-16.1464	-157.5	0.
-16.1791	-157.25	0.
-16.211	-157.	0.
-16.2418	-156.75	0.
-16.2716	-156.5	0.
-16.3005	-156.25	0.
-16.3283	-156.	0.
-16.3551	-155.75	0.
-16.3808	-155.5	0.
-16.4055	-155.25	0.
-16.4292	-155.	0.
-16.4518	-154.75	0.
-16.4733	-154.5	0.
-16.4937	-154.25	0.
-16.5131	-154.	0.
-16.5313	-153.75	0.
-16.5485	-153.5	0.
-16.5645	-153.25	0.
-16.5794	-153.	0.
-16.5931	-152.75	0.
-16.6057	-152.5	0.
-16.6172	-152.25	0.
-16.6275	-152.	0.
-16.6366	-151.75	0.
-16.6445	-151.5	0.
-16.6512	-151.25	0.
-16.6568	-151.	0.
-16.6611	-150.75	0.
-16.6642	-150.5	0.
-16.666	-150.25	0.
-16.6667	-150.	0.
-16.6667	-150.	0.
-16.666	-149.75	0.
-16.6642	-149.5	0.
-16.6611	-149.25	0.
-16.6568	-149.	0.
-16.6512	-148.75	0.
-16.6445	-148.5	0.
-16.6366	-148.25	0.
-16.6275	-148.	0.
-16.6172	-147.75	0.
-16.6057	-147.5	0.
-16.5931	-147.25	0.
-16.5794	-147.	0.
-16.5645	-146.75	0.
-16.5485	-146.5	0.
-16.5313	-146.25	0.
-16.5131	-146.	0.
-16.4937	-145.75	0.
-16.4733	-145.5	0.
-16.4518	-145.25	0.
-16.4292	-145.	0.
-16.4055	-144.75	0.
-16.3808	-144.5	0.
-16.3551	-144.25	0.
-16.3283	-144.	0.
-16.3005	-143.75	0.
-16.2716	-143.5	0.
-16.2418	-143.25	0.
-16.211	-143.	0.
-16.1791	-142.75	0.
-16.1464	-142.5	0.
-16.1126	-142.25	0.
-16.0779	-142.	0.
-16.0422	-141.75	0.
-16.0056	-141.5	0.
-15.968	-141.25	0.
-15.9296	-141.	0.
-15.8902	-140.75	0.
-15.8499	-140.5	0.
-15.8087	-140.25	0.
-15.7667	-140.	0.
-15.7237	-139.75	0.
-15.6799	-139.5	0.
-15.6353	-139.25	0.
-15.5898	-139.	0.
-15.5434	-138.75	0.
-15.4963	-138.5	0.
-15.4483	-138.25	0.
-15.3995	-138.	0.
-15.3499	-137.75	0.
-15.2995	-137.5	0.
-15.2483	-137.25	0.
-15.1964	-137.	0.
-15.1437	-136.75	0.
-15.0902	-136.5	0.
-15.036	-136.25	0.
-14.9811	-136.	0.
-14.9254	-135.75	0.
-14.869	-135.5	0.
-14.8119	-135.25	0.
-14.7542	-135.	0.
-14.6957	-134.75	0.
-14.6366	-134.5	0.
-14.5767	-134.25	0.
-14.5163	-134.	0.
-14.4551	-133.75	0.
-14.3934	-133.5	0.
-14.331	-133.25	0.
-14.268	-133.	0.
-14.2043	-132.75	0.
-14.1401	-132.5	0.
-14.0753	-132.25	0.
-14.0099	-132.	0.
-13.9439	-131.75	0.
-13.8773	-131.5	0.
-13.8102	-131.25	0.
-13.7426	-131.	0.
-13.6744	-130.75	0.
-13.6057	-130.5	0.
-13.5364	-130.25	0.
-13.4667	-130.	0.
-13.3964	-129.75	0.
-13.3257	-129.5	0.
-13.2545	-129.25	0.
-13.1828	-129.	0.
-13.1106	-128.75	0.
-13.038	-128.5	0.
-12.965	-128.25	0.
-12.8915	-128.	0.
-12.8176	-127.75	0.
-12.7432	-127.5	0.
-12.6685	-127.25	0.
-12.5934	-127.	0.
-12.5178	-126.75	0.
-12.442	-126.5	0.
-12.3657	-126.25	0.
-12.2891	-126.	0.
-12.2121	-125.75	0.
-12.1348	-125.5	0.
-12.0571	-125.25	0.
-11.9792	-125.	0.
-11.9009	-124.75	0.
-11.8223	-124.5	0.
-11.7434	-124.25	0.
-11.6643	-124.	0.
-11.5848	-123.75	0.
-11.5051	-123.5	0.
-11.4252	-123.25	0.
-11.345	-123.	0.
-11.2645	-122.75	0.
-11.1839	-122.5	0.
-11.103	-122.25	0.
-11.0219	-122.	0.
-10.9406	-121.75	0.
-10.8591	-121.5	0.
-10.7774	-121.25	0.
-10.6956	-121.	0.
-10.6136	-120.75	0.
-10.5314	-120.5	0.
-10.4491	-120.25	0.
-10.3667	-120.	0.
-10.2841	-119.75	0.
-10.2014	-119.5	0.
-10.1186	-119.25	0.
-10.0358	-119.	0.
-9.9528	-118.75	0.
-9.86975	-118.5	0.
-9.78664	-118.25	0.
-9.70347	-118.	0.
-9.62024	-117.75	0.
-9.53698	-117.5	0.
-9.45368	-117.25	0.
-9.37037	-117.	0.
-9.28704	-116.75	0.
-9.2037	-116.5	0.
-9.12038	-116.25	0.
-9.03707	-116.	0.
-8.95378	-115.75	0.
-8.87053	-115.5	0.
-8.78732	-115.25	0.
-8.70417	-115.	0.
-8.62107	-114.75	0.
-8.53805	-114.5	0.
-8.45511	-114.25	0.
-8.37227	-114.	0.
-8.28952	-113.75	0.
-8.20688	-113.5	0.
-8.12436	-113.25	0.
-8.04197	-113.	0.
-7.95971	-112.75	0.
-7.8776	-112.5	0.
-7.79565	-112.25	0.
-7.71387	-112.	0.
-7.63226	-111.75	0.
-7.55083	-111.5	0.
-7.4696	-111.25	0.
-7.38857	-111.	0.
-7.30775	-110.75	0.
-7.22715	-110.5	0.
-7.14679	-110.25	0.
-7.06667	-110.	0.
-6.98679	-109.75	0.
-6.90718	-109.5	0.
-6.82783	-109.25	0.
-6.74877	-109.	0.
-6.66999	-108.75	0.
-6.5915	-108.5	0.
-6.51333	-108.25	0.
-6.43547	-108.	0.
-6.35793	-107.75	0.
-6.28073	-107.5	0.
-6.20387	-107.25	0.
-6.12737	-107.	0.
-6.05122	-106.75	0.
-5.97545	-106.5	0.
-5.90006	-106.25	0.
-5.82507	-106.	0.
-5.75047	-105.75	0.
-5.67628	-105.5	0.
-5.60251	-105.25	0.
-5.52917	-105.	0.
-5.45626	-104.75	0.
-5.3838	-104.5	0.
-5.3118	-104.25	0.
-5.24027	-104.	0.
-5.16921	-103.75	0.
-5.09863	-103.5	0.
-5.02855	-103.25	0.
-4.95897	-103.	0.
-4.8899	-102.75	0.
-4.82135	-102.5	0.
-4.75334	-102.25	0.
-4.68587	-102.	0.
-4.61894	-101.75	0.
-4.55258	-101.5	0.
-4.48678	-101.25	0.
-4.42157	-101.	0.
-4.35694	-100.75	0.
-4.2929	-100.5	0.
-4.22948	-100.25	0.
-4.16667	-100.	0.
-4.16667	-100.	0.
-4.10448	-99.75	0.
-4.04291	-99.5	0.
-3.98197	-99.25	0.
-3.92163	-99.	0.
-3.86191	-98.75	0.
-3.8028	-98.5	0.
-3.7443	-98.25	0.
-3.6864	-98.	0.
-3.6291	-97.75	0.
-3.5724	-97.5	0.
-3.51629	-97.25	0.
-3.46077	-97.	0.
-3.40583	-96.75	0.
-3.35149	-96.5	0.
-3.29772	-96.25	0.
-3.24453	-96.	0.
-3.19192	-95.75	0.
-3.13988	-95.5	0.
-3.08841	-95.25	0.
-3.0375	-95.	0.
-2.98716	-94.75	0.
-2.93737	-94.5	0.
-2.88814	-94.25	0.
-2.83947	-94.	0.
-2.79134	-93.75	0.
-2.74376	-93.5	0.
-2.69673	-93.25	0.
-2.65023	-93.	0.
-2.60428	-92.75	0.
-2.55885	-92.5	0.
-2.51396	-92.25	0.
-2.4696	-92.	0.
-2.42576	-91.75	0.
-2.38245	-91.5	0.
-2.33965	-91.25	0.
-2.29737	-91.	0.
-2.2556	-90.75	0.
-2.21434	-90.5	0.
-2.17358	-90.25	0.
-2.13333	-90.	0.
-2.09358	-89.75	0.
-2.05433	-89.5	0.
-2.01557	-89.25	0.
-1.9773	-89.	0.
-1.93952	-88.75	0.
-1.90222	-88.5	0.
-1.8654	-88.25	0.
-1.82907	-88.	0.
-1.7932	-87.75	0.
-1.75781	-87.5	0.
-1.72289	-87.25	0.
-1.68843	-87.	0.
-1.65444	-86.75	0.
-1.6209	-86.5	0.
-1.58783	-86.25	0.
-1.5552	-86.	0.
-1.52302	-85.75	0.
-1.4913	-85.5	0.
-1.46001	-85.25	0.
-1.42917	-85.	0.
-1.39876	-84.75	0.
-1.36879	-84.5	0.
-1.33925	-84.25	0.
-1.31013	-84.	0.
-1.28145	-83.75	0.
-1.25318	-83.5	0.
-1.22533	-83.25	0.
-1.1979	-83.	0.
-1.17088	-82.75	0.
-1.14427	-82.5	0.
-1.11807	-82.25	0.
-1.09227	-82.	0.
-1.06687	-81.75	0.
-1.04186	-81.5	0.
-1.01725	-81.25	0.
-0.993033	-81.	0.
-0.969202	-80.75	0.
-0.945754	-80.5	0.
-0.922688	-80.25	0.
-0.9	-80.	0.
-0.877687	-79.75	0.
-0.855746	-79.5	0.
-0.834173	-79.25	0.
-0.812967	-79.	0.
-0.792122	-78.75	0.
-0.771637	-78.5	0.
-0.751509	-78.25	0.
-0.731733	-78.	0.
-0.712308	-77.75	0.
-0.693229	-77.5	0.
-0.674494	-77.25	0.
-0.6561	-77.	0.
-0.638043	-76.75	0.
-0.620321	-76.5	0.
-0.60293	-76.25	0.
-0.585867	-76.	0.
-0.569129	-75.75	0.
-0.552712	-75.5	0.
-0.536615	-75.25	0.
-0.520833	-75.	0.
-0.505364	-74.75	0.
-0.490204	-74.5	0.
-0.475351	-74.25	0.
-0.4608	-74.	0.
-0.446549	-73.75	0.
-0.432596	-73.5	0.
-0.418936	-73.25	0.
-0.405567	-73.	0.
-0.392485	-72.75	0.
-0.379687	-72.5	0.
-0.367171	-72.25	0.
-0.354933	-72.	0.
-0.34297	-71.75	0.
-0.331279	-71.5	0.
-0.319857	-71.25	0.
-0.3087	-71.	0.
-0.297806	-70.75	0.
-0.287171	-70.5	0.
-0.276792	-70.25	0.
-0.266667	-70.	0.
-0.256791	-69.75	0.
-0.247162	-69.5	0.
-0.237778	-69.25	0.
-0.228633	-69.	0.
-0.219727	-68.75	0.
-0.211054	-68.5	0.
-0.202613	-68.25	0.
-0.1944	-68.	0.
-0.186412	-67.75	0.
-0.178646	-67.5	0.
-0.171098	-67.25	0.
-0.163767	-67.	0.
-0.156647	-66.75	0.
-0.149737	-66.5	0.
-0.143034	-66.25	0.
-0.136533	-66.	0.
-0.130233	-65.75	0.
-0.124129	-65.5	0.
-0.118219	-65.25	0.
-0.1125	-65.	0.
-0.106968	-64.75	0.
-0.101621	-64.5	0.
-9.64547e-002	-64.25	0.
-9.14667e-002	-64.	0.
-8.66536e-002	-63.75	0.
-8.20125e-002	-63.5	0.
-7.75401e-002	-63.25	0.
-7.32333e-002	-63.	0.
-6.90891e-002	-62.75	0.
-6.51042e-002	-62.5	0.
-6.12755e-002	-62.25	0.
-5.76e-002	-62.	0.
-5.40745e-002	-61.75	0.
-5.06958e-002	-61.5	0.
-4.74609e-002	-61.25	0.
-4.43667e-002	-61.	0.
-4.14099e-002	-60.75	0.
-3.85875e-002	-60.5	0.
-3.58964e-002	-60.25	0.
-3.33333e-002	-60.	0.
-3.08953e-002	-59.75	0.
-2.85792e-002	-59.5	0.
-2.63818e-002	-59.25	0.
-2.43e-002	-59.	0.
-2.23307e-002	-58.75	0.
-2.04708e-002	-58.5	0.
-1.87172e-002	-58.25	0.
-1.70667e-002	-58.	0.
-1.55161e-002	-57.75	0.
-1.40625e-002	-57.5	0.
-1.27026e-002	-57.25	0.
-1.14333e-002	-57.	0.
-1.02516e-002	-56.75	0.
-9.15417e-003	-56.5	0.
-8.13802e-003	-56.25	0.
-7.2e-003	-56.	0.
-6.33698e-003	-55.75	0.
-5.54583e-003	-55.5	0.
-4.82344e-003	-55.25	0.
-4.16667e-003	-55.	0.
-3.5724e-003	-54.75	0.
-3.0375e-003	-54.5	0.
-2.55885e-003	-54.25	0.
-2.13333e-003	-54.	0.
-1.75781e-003	-53.75	0.
-1.42917e-003	-53.5	0.
-1.14427e-003	-53.25	0.
-9.e-004	-53.	0.
-6.93229e-004	-52.75	0.
-5.20833e-004	-52.5	0.
-3.79687e-004	-52.25	0.
-2.66667e-004	-52.	0.
-1.78646e-004	-51.75	0.
-1.125e-004	-51.5	0.
-6.51042e-005	-51.25	0.
-3.33333e-005	-51.	0.
-1.40625e-005	-50.75	0.
-4.16667e-006	-50.5	0.
-5.20833e-007	-50.25	0.
-4.03574e-041	-50.	0.
0.	-50.	0.
5.20833e-007	-49.75	0.
4.16667e-006	-49.5	0.
1.40625e-005	-49.25	0.
3.33333e-005	-49.	0.
6.51042e-005	-48.75	0.
1.125e-004	-48.5	0.
1.78646e-004	-48.25	0.
2.66667e-004	-48.	0.
3.79687e-004	-47.75	0.
5.20833e-004	-47.5	0.
6.93229e-004	-47.25	0.
9.e-004	-47.	0.
1.14427e-003	-46.75	0.
1.42917e-003	-46.5	0.
1.75781e-003	-46.25	0.
2.13333e-003	-46.	0.
2.55885e-003	-45.75	0.
3.0375e-003	-45.5	0.
3.5724e-003	-45.25	0.
4.16667e-003	-45.	0.
4.82344e-003	-44.75	0.
5.54583e-003	-44.5	0.
6.33698e-003	-44.25	0.
7.2e-003	-44.	0.
8.13802e-003	-43.75	0.
9.15417e-003	-43.5	0.
1.02516e-002	-43.25	0.
1.14333e-002	-43.	0.
1.27026e-002	-42.75	0.
1.40625e-002	-42.5	0.
1.55161e-002	-42.25	0.
1.70667e-002	-42.	0.
1.87172e-002	-41.75	0.
2.04708e-002	-41.5	0.
2.23307e-002	-41.25	0.
2.43e-002	-41.	0.
2.63818e-002	-40.75	0.
2.85792e-002	-40.5	0.
3.08953e-002	-40.25	0.
3.33333e-002	-40.	0.
3.58964e-002	-39.75	0.
3.85875e-002	-39.5	0.
4.14099e-002	-39.25	0.
4.43667e-002	-39.	0.
4.74609e-002	-38.75	0.
5.06958e-002	-38.5	0.
5.40745e-002	-38.25	0.
5.76e-002	-38.	0.
6.12755e-002	-37.75	0.
6.51042e-002	-37.5	0.
6.90891e-002	-37.25	0.
7.32333e-002	-37.	0.
7.75401e-002	-36.75	0.
8.20125e-002	-36.5	0.
8.66536e-002	-36.25	0.
9.14667e-002	-36.	0.
9.64547e-002	-35.75	0.
0.101621	-35.5	0.
0.106968	-35.25	0.
0.1125	-35.	0.
0.118219	-34.75	0.
0.124129	-34.5	0.
0.130233	-34.25	0.
0.136533	-34.	0.
0.143034	-33.75	0.
0.149737	-33.5	0.
0.156647	-33.25	0.
0.163767	-33.	0.
0.171098	-32.75	0.
0.178646	-32.5	0.
0.186412	-32.25	0.
0.1944	-32.	0.
0.202613	-31.75	0.
0.211054	-31.5	0.
0.219727	-31.25	0.
0.228633	-31.	0.
0.237778	-30.75	0.
0.247162	-30.5	0.
0.256791	-30.25	0.
0.266667	-30.	0.
0.276792	-29.75	0.
0.287171	-29.5	0.
0.297806	-29.25	0.
0.3087	-29.	0.
0.319857	-28.75	0.
0.331279	-28.5	0.
0.34297	-28.25	0.
0.354933	-28.	0.
0.367171	-27.75	0.
0.379687	-27.5	0.
0.392485	-27.25	0.
0.405567	-27.	0.
0.418936	-26.75	0.
0.432596	-26.5	0.
0.446549	-26.25	0.
0.4608	-26.	0.
0.475351	-25.75	0.
0.490204	-25.5	0.
0.505364	-25.25	0.
0.520833	-25.	0.
0.536615	-24.75	0.
0.552712	-24.5	0.
0.569129	-24.25	0.
0.585867	-24.	0.
0.60293	-23.75	0.
0.620321	-23.5	0.
0.638043	-23.25	0.
0.6561	-23.	0.
0.674494	-22.75	0.
0.693229	-22.5	0.
0.712308	-22.25	0.
0.731733	-22.	0.
0.751509	-21.75	0.
0.771637	-21.5	0.
0.792122	-21.25	0.
0.812967	-21.	0.
0.834173	-20.75	0.
0.855746	-20.5	0.
0.877687	-20.25	0.
0.9	-20.	0.
0.922688	-19.75	0.
0.945754	-19.5	0.
0.969202	-19.25	0.
0.993033	-19.	0.
1.01725	-18.75	0.
1.04186	-18.5	0.
1.06687	-18.25	0.
1.09227	-18.	0.
1.11807	-17.75	0.
1.14427	-17.5	0.
1.17088	-17.25	0.
1.1979	-17.	0.
1.22533	-16.75	0.
1.25318	-16.5	0.
1.28145	-16.25	0.
1.31013	-16.	0.
1.33925	-15.75	0.
1.36879	-15.5	0.
1.39876	-15.25	0.
1.42917	-15.	0.
1.46001	-14.75	0.
1.4913	-14.5	0.
1.52302	-14.25	0.
1.5552	-14.	0.
1.58783	-13.75	0.
1.6209	-13.5	0.
1.65444	-13.25	0.
1.68843	-13.	0.
1.72289	-12.75	0.
1.75781	-12.5	0.
1.7932	-12.25	0.
1.82907	-12.	0.
1.8654	-11.75	0.
1.90222	-11.5	0.
1.93952	-11.25	0.
1.9773	-11.	0.
2.01557	-10.75	0.
2.05433	-10.5	0.
2.09358	-10.25	0.
2.13333	-10.	0.
2.17358	-9.75	0.
2.21434	-9.5	0.
2.2556	-9.25	0.
2.29737	-9.	0.
2.33965	-8.75	0.
2.38245	-8.5	0.
2.42576	-8.25	0.
2.4696	-8.	0.
2.51396	-7.75	0.
2.55885	-7.5	0.
2.60428	-7.25	0.
2.65023	-7.	0.
2.69673	-6.75	0.
2.74376	-6.5	0.
2.79134	-6.25	0.
2.83947	-6.	0.
2.88814	-5.75	0.
2.93737	-5.5	0.
2.98716	-5.25	0.
3.0375	-5.	0.
3.08841	-4.75	0.
3.13988	-4.5	0.
3.19192	-4.25	0.
3.24453	-4.	0.
3.29772	-3.75	0.
3.35149	-3.5	0.
3.40583	-3.25	0.
3.46077	-3.	0.
3.51629	-2.75	0.
3.5724	-2.5	0.
3.6291	-2.25	0.
3.6864	-2.	0.
3.7443	-1.75	0.
3.8028	-1.5	0.
3.86191	-1.25	0.
3.92163	-1.	0.
3.98197	-0.75	0.
4.04291	-0.5	0.
4.10448	-0.25	0.
4.16667	-1.06404e-012	0.
4.16667	1.77636e-015	0.
4.22948	0.25	0.
4.2929	0.5	0.
4.35694	0.75	0.
4.42157	1.	0.
4.48678	1.25	0.
4.55258	1.5	0.
4.61894	1.75	0.
4.68587	2.	0.
4.75334	2.25	0.
4.82135	2.5	0.
4.8899	2.75	0.
4.95897	3.	0.
5.02855	3.25	0.
5.09863	3.5	0.
5.16921	3.75	0.
5.24027	4.	0.
5.3118	4.25	0.
5.3838	4.5	0.
5.45626	4.75	0.
5.52917	5.	0.
5.60251	5.25	0.
5.67628	5.5	0.
5.75047	5.75	0.
5.82507	6.	0.
5.90006	6.25	0.
5.97545	6.5	0.
6.05122	6.75	0.
6.12737	7.	0.
6.20387	7.25	0.
6.28073	7.5	0.
6.35793	7.75	0.
6.43547	8.	0.
6.51333	8.25	0.
6.5915	8.5	0.
6.66999	8.75	0.
6.74877	9.	0.
6.82783	9.25	0.
6.90718	9.5	0.
6.98679	9.75	0.
7.06667	10.	0.
7.14679	10.25	0.
7.22715	10.5	0.
7.30775	10.75	0.
7.38857	11.	0.
7.4696	11.25	0.
7.55083	11.5	0.
7.63226	11.75	0.
7.71387	12.	0.
7.79565	12.25	0.
7.8776	12.5	0.
7.95971	12.75	0.
8.04197	13.	0.
8.12436	13.25	0.
8.20688	13.5	0.
8.28952	13.75	0.
8.37227	14.	0.
8.45511	14.25	0.
8.53805	14.5	0.
8.62107	14.75	0.
8.70417	15.	0.
8.78732	15.25	0.
8.87053	15.5	0.
8.95378	15.75	0.
9.03707	16.	0.
9.12038	16.25	0.
9.2037	16.5	0.
9.28704	16.75	0.
9.37037	17.	0.
9.45368	17.25	0.
9.53698	17.5	0.
9.62024	17.75	0.
9.70347	18.	0.
9.78664	18.25	0.
9.86975	18.5	0.
9.9528	18.75	0.
10.0358	19.	0.
10.1186	19.25	0.
10.2014	19.5	0.
10.2841	19.75	0.
10.3667	20.	0.
10.4491	20.25	0.
10.5314	20.5	0.
10.6136	20.75	0.
10.6956	21.	0.
10.7774	21.25	0.
10.8591	21.5	0.
10.9406	21.75	0.
11.0219	22.	0.
11.103	22.25	0.
11.1839	22.5	0.
11.2645	22.75	0.
11.345	23.	0.
11.4252	23.25	0.
11.5051	23.5	0.
11.5848	23.75	0.
11.6643	24.	0.
11.7434	24.25	0.
11.8223	24.5	0.
11.9009	24.75	0.
11.9792	25.	0.
12.0571	25.25	0.
12.1348	25.5	0.
12.2121	25.75	0.
12.2891	26.	0.
12.3657	26.25	0.
12.442	26.5	0.
12.5178	26.75	0.
12.5934	27.	0.
12.6685	27.25	0.
12.7432	27.5	0.
12.8176	27.75	0.
12.8915	28.	0.
12.965	28.25	0.
13.038	28.5	0.
13.1106	28.75	0.
13.1828	29.	0.
13.2545	29.25	0.
13.3257	29.5	0.
13.3964	29.75	0.
13.4667	30.	0.
13.5364	30.25	0.
13.6057	30.5	0.
13.6744	30.75	0.
13.7426	31.	0.
13.8102	31.25	0.
13.8773	31.5	0.
13.9439	31.75	0.
14.0099	32.	0.
14.0753	32.25	0.
14.1401	32.5	0.
14.2043	32.75	0.
14.268	33.	0.
14.331	33.25	0.
14.3934	33.5	0.
14.4551	33.75	0.
14.5163	34.	0.
14.5767	34.25	0.
14.6366	34.5	0.
14.6957	34.75	0.
14.7542	35.	0.
14.8119	35.25	0.
14.869	35.5	0.
14.9254	35.75	0.
14.9811	36.	0.
15.036	36.25	0.
15.0902	36.5	0.
15.1437	36.75	0.
15.1964	37.	0.
15.2483	37.25	0.
15.2995	37.5	0.
15.3499	37.75	0.
15.3995	38.	0.
15.4483	38.25	0.
15.4963	38.5	0.
15.5434	38.75	0.
15.5898	39.	0.
15.6353	39.25	0.
15.6799	39.5	0.
15.7237	39.75	0.
15.7667	40.	0.
15.8087	40.25	0.
15.8499	40.5	0.
15.8902	40.75	0.
15.9296	41.	0.
15.968	41.25	0.
16.0056	41.5	0.
16.0422	41.75	0.
16.0779	42.	0.
16.1126	42.25	0.
16.1464	42.5	0.
16.1791	42.75	0.
16.211	43.	0.
16.2418	43.25	0.
16.2716	43.5	0.
16.3005	43.75	0.
16.3283	44.	0.
16.3551	44.25	0.
16.3808	44.5	0.
16.4055	44.75	0.
16.4292	45.	0.
16.4518	45.25	0.
16.4733	45.5	0.
16.4937	45.75	0.
16.5131	46.	0.
16.5313	46.25	0.
16.5485	46.5	0.
16.5645	46.75	0.
16.5794	47.	0.
16.5931	47.25	0.
16.6057	47.5	0.
16.6172	47.75	0.
16.6275	48.	0.
16.6366	48.25	0.
16.6445	48.5	0.
16.6512	48.75	0.
16.6568	49.	0.
16.6611	49.25	0.
16.6642	49.5	0.
16.666	49.75	0.
16.6667	50.	0.
16.6667	50.	0.
16.666	50.25	0.
16.6642	50.5	0.
16.6611	50.75	0.
16.6568	51.	0.
16.6512	51.25	0.
16.6445	51.5	0.
16.6366	51.75	0.
16.6275	52.	0.
16.6172	52.25	0.
16.6057	52.5	0.
16.5931	52.75	0.
16.5794	53.	0.
16.5645	53.25	0.
16.5485	53.5	0.
16.5313	53.75	0.
16.5131	54.	0.
16.4937	54.25	0.
16.4733	54.5	0.
16.4518	54.75	0.
16.4292	55.	0.
16.4055	55.25	0.
16.3808	55.5	0.
16.3551	55.75	0.
16.3283	56.	0.
16.3005	56.25	0.
16.2716	56.5	0.
16.2418	56.75	0.
16.211	57.	0.
16.1791	57.25	0.
16.1464	57.5	0.
16.1126	57.75	0.
16.0779	58.	0.
16.0422	58.25	0.
16.0056	58.5	0.
15.968	58.75	0.
15.9296	59.	0.
15.8902	59.25	0.
15.8499	59.5	0.
15.8087	59.75	0.
15.7667	60.	0.
15.7237	60.25	0.
15.6799	60.5	0.
15.6353	60.75	0.
15.5898	61.	0.
15.5434	61.25	0.
15.4963	61.5	0.
15.4483	61.75	0.
15.3995	62.	0.
15.3499	62.25	0.
15.2995	62.5	0.
15.2483	62.75	0.
15.1964	63.	0.
15.1437	63.25	0.
15.0902	63.5	0.
15.036	63.75	0.
14.9811	64.	0.
14.9254	64.25	0.
14.869	64.5	0.
14.8119	64.75	0.
14.7542	65.	0.
14.6957	65.25	0.
14.6366	65.5	0.
14.5767	65.75	0.
14.5163	66.	0.
14.4551	66.25	0.
14.3934	66.5	0.
14.331	66.75	0.
14.268	67.	0.
14.2043	67.25	0.
14.1401	67.5	0.
14.0753	67.75	0.
14.0099	68.	0.
13.9439	68.25	0.
13.8773	68.5	0.
13.8102	68.75	0.
13.7426	69.	0.
13.6744	69.25	0.
13.6057	69.5	0.
13.5364	69.75	0.
13.4667	70.	0.
13.3964	70.25	0.
13.3257	70.5	0.
13.2545	70.75	0.
13.1828	71.	0.
13.1106	71.25	0.
13.038	71.5	0.
12.965	71.75	0.
12.8915	72.	0.
12.8176	72.25	0.
12.7432	72.5	0.
12.6685	72.75	0.
12.5934	73.	0.
12.5178	73.25	0.
12.442	73.5	0.
12.3657	73.75	0.
12.2891	74.	0.
12.2121	74.25	0.
12.1348	74.5	0.
12.0571	74.75	0.
11.9792	75.	0.
11.9009	75.25	0.
11.8223	75.5	0.
11.7434	75.75	0.
11.6643	76.	0.
11.5848	76.25	0.
11.5051	76.5	0.
11.4252	76.75	0.
11.345	77.	0.
11.2645	77.25	0.
11.1839	77.5	0.
11.103	77.75	0.
11.0219	78.	0.
10.9406	78.25	0.
10.8591	78.5	0.
10.7774	78.75	0.
10.6956	79.	0.
10.6136	79.25	0.
10.5314	79.5	0.
10.4491	79.75	0.
10.3667	80.	0.
10.2841	80.25	0.
10.2014	80.5	0.
10.1186	80.75	0.
10.0358	81.	0.
9.9528	81.25	0.
9.86975	81.5	0.
9.78664	81.75	0.
9.70347	82.	0.
9.62024	82.25	0.
9.53698	82.5	0.
9.45368	82.75	0.
9.37037	83.	0.
9.28704	83.25	0.
9.2037	83.5	0.
9.12038	83.75	0.
9.03707	84.	0.
8.95378	84.25	0.
8.87053	84.5	0.
8.78732	84.75	0.
8.70417	85.	0.
8.62107	85.25	0.
8.53805	85.5	0.
8.45511	85.75	0.
8.37227	86.	0.
8.28952	86.25	0.
8.20688	86.5	0.
8.12436	86.75	0.
8.04197	87.	0.
7.95971	87.25	0.
7.8776	87.5	0.
7.79565	87.75	0.
7.71387	88.	0.
7.63226	88.25	0.
7.55083	88.5	0.
7.4696	88.75	0.
7.38857	89.	0.
7.30775	89.25	0.
7.22715	89.5	0.
7.14679	89.75	0.
7.06667	90.	0.
6.98679	90.25	0.
6.90718	90.5	0.
6.82783	90.75	0.
6.74877	91.	0.
6.66999	91.25	0.
6.5915	91.5	0.
6.51333	91.75	0.
6.43547	92.	0.
6.35793	92.25	0.
6.28073	92.5	0.
6.20387	92.75	0.
6.12737	93.	0.
6.05122	93.25	0.
5.97545	93.5	0.
5.90006	93.75	0.
5.82507	94.	0.
5.75047	94.25	0.
5.67628	94.5	0.
5.60251	94.75	0.
5.52917	95.	0.
5.45626	95.25	0.
5.3838	95.5	0.
5.3118	95.75	0.
5.24027	96.	0.
5.16921	96.25	0.
5.09863	96.5	0.
5.02855	96.75	0.
4.95897	97.	0.
4.8899	97.25	0.
4.82135	97.5	0.
4.75334	97.75	0.
4.68587	98.	0.
4.61894	98.25	0.
4.55258	98.5	0.
4.48678	98.75	0.
4.42157	99.	0.
4.35694	99.25	0.
4.2929	99.5	0.
4.22948	99.75	0.
4.16667	100.	0.
4.10448	100.25	0.
4.04291	100.5	0.
3.98197	100.75	0.
3.92163	101.	0.
3.86191	101.25	0.
3.8028	101.5	0.
3.7443	101.75	0.
3.6864	102.	0.
3.6291	102.25	0.
3.5724	102.5	0.
3.51629	102.75	0.
3.46077	103.	0.
3.40583	103.25	0.
3.35149	103.5	0.
3.29772	103.75	0.
3.24453	104.	0.
3.19192	104.25	0.
3.13988	104.5	0.
3.08841	104.75	0.
3.0375	105.	0.
2.98716	105.25	0.
2.93737	105.5	0.
2.88814	105.75	0.
2.83947	106.	0.
2.79134	106.25	0.
2.74376	106.5	0.
2.69673	106.75	0.
2.65023	107.	0.
2.60428	107.25	0.
2.55885	107.5	0.
2.51396	107.75	0.
2.4696	108.	0.
2.42576	108.25	0.
2.38245	108.5	0.
2.33965	108.75	0.
2.29737	109.	0.
2.2556	109.25	0.
2.21434	109.5	0.
2.17358	109.75	0.
2.13333	110.	0.
2.09358	110.25	0.
2.05433	110.5	0.
2.01557	110.75	0.
1.9773	111.	0.
1.93952	111.25	0.
1.90222	111.5	0.
1.8654	111.75	0.
1.82907	112.	0.
1.7932	112.25	0.
1.75781	112.5	0.
1.72289	112.75	0.
1.68843	113.	0.
1.65444	113.25	0.
1.6209	113.5	0.
1.58783	113.75	0.
1.5552	114.	0.
1.52302	114.25	0.
1.4913	114.5	0.
1.46001	114.75	0.
1.42917	115.	0.
1.39876	115.25	0.
1.36879	115.5	0.
1.33925	115.75	0.
1.31013	116.	0.
1.28145	116.25	0.
1.25318	116.5	0.
1.22533	116.75	0.
1.1979	117.	0.
1.17088	117.25	0.
1.14427	117.5	0.
1.11807	117.75	0.
1.09227	118.	0.
1.06687	118.25	0.
1.04186	118.5	0.
1.01725	118.75	0.
0.993033	119.	0.
0.969202	119.25	0.
0.945754	119.5	0.
0.922688	119.75	0.
0.9	120.	0.
0.877687	120.25	0.
0.855746	120.5	0.
0.834173	120.75	0.
0.812967	121.	0.
0.792122	121.25	0.
0.771637	121.5	0.
0.751509	121.75	0.
0.731733	122.	0.
0.712308	122.25	0.
0.693229	122.5	0.
0.674494	122.75	0.
0.6561	123.	0.
0.638043	123.25	0.
0.620321	123.5	0.
0.60293	123.75	0.
0.585867	124.	0.
0.569129	124.25	0.
0.552712	124.5	0.
0.536615	124.75	0.
0.520833	125.	0.
0.505364	125.25	0.
0.490204	125.5	0.
0.475351	125.75	0.
0.4608	126.	0.
0.446549	126.25	0.
0.432596	126.5	0.
0.418936	126.75	0.
0.405567	127.	0.
0.392485	127.25	0.
0.379687	127.5	0.
0.367171	127.75	0.
0.354933	128.	0.
0.34297	128.25	0.
0.331279	128.5	0.
0.319857	128.75	0.
0.3087	129.	0.
0.297806	129.25	0.
0.287171	129.5	0.
0.276792	129.75	0.
0.266667	130.	0.
0.256791	130.25	0.
0.247162	130.5	0.
0.237778	130.75	0.
0.228633	131.	0.
0.219727	131.25	0.
0.211054	131.5	0.
0.202613	131.75	0.
0.1944	132.	0.
0.186412	132.25	0.
0.178646	132.5	0.
0.171098	132.75	0.
0.163767	133.	0.
0.156647	133.25	0.
0.149737	133.5	0.
0.143034	133.75	0.
0.136533	134.	0.
0.130233	134.25	0.
0.124129	134.5	0.
0.118219	134.75	0.
0.1125	135.	0.
0.106968	135.25	0.
0.101621	135.5	0.
9.64547e-002	135.75	0.
9.14667e-002	136.	0.
8.66536e-002	136.25	0.
8.20125e-002	136.5	0.
7.75401e-002	136.75	0.
7.32333e-002	137.	0.
6.90891e-002	137.25	0.
6.51042e-002	137.5	0.
6.12755e-002	137.75	0.
5.76e-002	138.	0.
5.40745e-002	138.25	0.
5.06958e-002	138.5	0.
4.74609e-002	138.75	0.
4.43667e-002	139.	0.
4.14099e-002	139.25	0.
3.85875e-002	139.5	0.
3.58964e-002	139.75	0.
3.33333e-002	140.	0.
3.08953e-002	140.25	0.
2.85792e-002	140.5	0.
2.63818e-002	140.75	0.
2.43e-002	141.	0.
2.23307e-002	141.25	0.
2.04708e-002	141.5	0.
1.87172e-002	141.75	0.
1.70667e-002	142.	0.
1.55161e-002	142.25	0.
1.40625e-002	142.5	0.
1.27026e-002	142.75	0.
1.14333e-002	143.	0.
1.02516e-002	143.25	0.
9.15417e-003	143.5	0.
8.13802e-003	143.75	0.
7.2e-003	144.	0.
6.33698e-003	144.25	0.
5.54583e-003	144.5	0.
4.82344e-003	144.75	0.
4.16667e-003	145.	0.
3.5724e-003	145.25	0.
3.0375e-003	145.5	0.
2.55885e-003	145.75	0.
2.13333e-003	146.	0.
1.75781e-003	146.25	0.
1.42917e-003	146.5	0.
1.14427e-003	146.75	0.
9.e-004	147.	0.
6.93229e-004	147.25	0.
5.20833e-004	147.5	0.
3.79687e-004	147.75	0.
2.66667e-004	148.	0.
1.78646e-004	148.25	0.
1.125e-004	148.5	0.
6.51042e-005	148.75	0.
3.33333e-005	149.	0.
1.40625e-005	149.25	0.
4.16667e-006	149.5	0.
5.20833e-007	149.75	0.
0.	150.	0.
-5.20833e-007	150.25	0.
-4.16667e-006	150.5	0.
-1.40625e-005	150.75	0.
-3.33333e-005	151.	0.
-6.51042e-005	151.25	0.
-1.125e-004	151.5	0.
-1.78646e-004	151.75	0.
-2.66667e-004	152.	0.
-3.79687e-004	152.25	0.
-5.20833e-004	152.5	0.
-6.93229e-004	152.75	0.
-9.e-004	153.	0.
-1.14427e-003	153.25	0.
-1.42917e-003	153.5	0.
-1.75781e-003	153.75	0.
-2.13333e-003	154.	0.
-2.55885e-003	154.25	0.
-3.0375e-003	154.5	0.
-3.5724e-003	154.75	0.
-4.16667e-003	155.	0.
-4.82344e-003	155.25	0.
-5.54583e-003	155.5	0.
-6.33698e-003	155.75	0.
-7.2e-003	156.	0.
-8.13802e-003	156.25	0.
-9.15417e-003	156.5	0.
-1.02516e-002	156.75	0.
-1.14333e-002	157.	0.
-1.27026e-002	157.25	0.
-1.40625e-002	157.5	0.
-1.55161e-002	157.75	0.
-1.70667e-002	158.	0.
-1.87172e-002	158.25	0.
-2.04708e-002	158.5	0.
-2.23307e-002	158.75	0.
-2.43e-002	159.	0.
-2.63818e-002	159.25	0.
-2.85792e-002	159.5	0.
-3.08953e-002	159.75	0.
-3.33333e-002	160.	0.
-3.58964e-002	160.25	0.
-3.85875e-002	160.5	0.
-4.14099e-002	160.75	0.
-4.43667e-002	161.	0.
-4.74609e-002	161.25	0.
-5.06958e-002	161.5	0.
-5.40745e-002	161.75	0.
-5.76e-002	162.	0.
-6.12755e-002	162.25	0.
-6.51042e-002	162.5	0.
-6.90891e-002	162.75	0.
-7.32333e-002	163.	0.
-7.75401e-002	163.25	0.
-8.20125e-002	163.5	0.
-8.66536e-002	163.75	0.
-9.14667e-002	164.	0.
-9.64547e-002	164.25	0.
-0.101621	164.5	0.
-0.106968	164.75	0.
-0.1125	165.	0.
-0.118219	165.25	0.
-0.124129	165.5	0.
-0.130233	165.75	0.
-0.136533	166.	0.
-0.143034	166.25	0.
-0.149737	166.5	0.
-0.156647	166.75	0.
-0.163767	167.	0.
-0.171098	167.25	0.
-0.178646	167.5	0.
-0.186412	167.75	0.
-0.1944	168.	0.
-0.202613	168.25	0.
-0.211054	168.5	0.
-0.219727	168.75	0.
-0.228633	169.	0.
-0.237778	169.25	0.
-0.247162	169.5	0.
-0.256791	169.75	0.
-0.266667	170.	0.
-0.276792	170.25	0.
-0.287171	170.5	0.
-0.297806	170.75	0.
-0.3087	171.	0.
-0.319857	171.25	0.
-0.331279	171.5	0.
-0.34297	171.75	0.
-0.354933	172.	0.
-0.367171	172.25	0.
-0.379687	172.5	0.
-0.392485	172.75	0.
-0.405567	173.	0.
-0.418936	173.25	0.
-0.432596	173.5	0.
-0.446549	173.75	0.
-0.4608	174.	0.
-0.475351	174.25	0.
-0.490204	174.5	0.
-0.505364	174.75	0.
-0.520833	175.	0.
-0.536615	175.25	0.
-0.552712	175.5	0.
-0.569129	175.75	0.
-0.585867	176.	0.
-0.60293	176.25	0.
-0.620321	176.5	0.
-0.638043	176.75	0.
-0.6561	177.	0.
-0.674494	177.25	0.
-0.693229	177.5	0.
-0.712308	177.75	0.
-0.731733	178.	0.
-0.751509	178.25	0.
-0.771637	178.5	0.
-0.792122	178.75	0.
-0.812967	179.	0.
-0.834173	179.25	0.
-0.855746	179.5	0.
-0.877687	179.75	0.
-0.9	180.	0.
-0.922688	180.25	0.
-0.945754	180.5	0.
-0.969202	180.75	0.
-0.993033	181.	0.
-1.01725	181.25	0.
-1.04186	181.5	0.
-1.06687	181.75	0.
-1.09227	182.	0.
-1.11807	182.25	0.
-1.14427	182.5	0.
-1.17088	182.75	0.
-1.1979	183.	0.
-1.22533	183.25	0.
-1.25318	183.5	0.
-1.28145	183.75	0.
-1.31013	184.	0.
-1.33925	184.25	0.
-1.36879	184.5	0.
-1.39876	184.75	0.
-1.42917	185.	0.
-1.46001	185.25	0.
-1.4913	185.5	0.
-1.52302	185.75	0.
-1.5552	186.	0.
-1.58783	186.25	0.
-1.6209	186.5	0.
-1.65444	186.75	0.
-1.68843	187.	0.
-1.72289	187.25	0.
-1.75781	187.5	0.
-1.7932	187.75	0.
-1.82907	188.	0.
-1.8654	188.25	0.
-1.90222	188.5	0.
-1.93952	188.75	0.
-1.9773	189.	0.
-2.01557	189.25	0.
-2.05433	189.5	0.
-2.09358	189.75	0.
-2.13333	190.	0.
-2.17358	190.25	0.
-2.21434	190.5	0.
-2.2556	190.75	0.
-2.29737	191.	0.
-2.33965	191.25	0.
-2.38245	191.5	0.
-2.42576	191.75	0.
-2.4696	192.	0.
-2.51396	192.25	0.
-2.55885	192.5	0.
-2.60428	192.75	0.
-2.65023	193.	0.
-2.69673	193.25	0.
-2.74376	193.5	0.
-2.79134	193.75	0.
-2.83947	194.	0.
-2.88814	194.25	0.
-2.93737	194.5	0.
-2.98716	194.75	0.
-3.0375	195.	0.
-3.08841	195.25	0.
-3.13988	195.5	0.
-3.19192	195.75	0.
-3.24453	196.	0.
-3.29772	196.25	0.
-3.35149	196.5	0.
-3.40583	196.75	0.
-3.46077	197.	0.
-3.51629	197.25	0.
-3.5724	197.5	0.
-3.6291	197.75	0.
-3.6864	198.	0.
-3.7443	198.25	0.
-3.8028	198.5	0.
-3.86191	198.75	0.
-3.92163	199.	0.
-3.98197	199.25	0.
-4.04291	199.5	0.
-4.10448	199.75	0.
-4.16667	200.	0.
-4.22948	200.25	0.
-4.2929	200.5	0.
-4.35694	200.75	0.
-4.42157	201.	0.
-4.48678	201.25	0.
-4.55258	201.5	0.
-4.61894	201.75	0.
-4.68587	202.	0.
-4.75334	202.25	0.
-4.82135	202.5	0.
-4.8899	202.75	0.
-4.95897	203.	0.
-5.02855	203.25	0.
-5.09863	203.5	0.
-5.16921	203.75	0.
-5.24027	204.	0.
-5.3118	204.25	0.
-5.3838	204.5	0.
-5.45626	204.75	0.
-5.52917	205.	0.
-5.60251	205.25	0.
-5.67628	205.5	0.
-5.75047	205.75	0.
-5.82507	206.	0.
-5.90006	206.25	0.
-5.97545	206.5	0.
-6.05122	206.75	0.
-6.12737	207.	0.
-6.20387	207.25	0.
-6.28073	207.5	0.
-6.35793	207.75	0.
-6.43547	208.	0.
-6.51333	208.25	0.
-6.5915	208.5	0.
-6.66999	208.75	0.
-6.74877	209.	0.
-6.82783	209.25	0.
-6.90718	209.5	0.
-6.98679	209.75	0.
-7.06667	210.	0.
-7.14679	210.25	0.
-7.22715	210.5	0.
-7.30775	210.75	0.
-7.38857	211.	0.
-7.4696	211.25	0.
-7.55083	211.5	0.
-7.63226	211.75	0.
-7.71387	212.	0.
-7.79565	212.25	0.
-7.8776	212.5	0.
-7.95971	212.75	0.
-8.04197	213.	0.
-8.12436	213.25	0.
-8.20688	213.5	0.
-8.28952	213.75	0.
-8.37227	214.	0.
-8.45511	214.25	0.
-8.53805	214.5	0.
-8.62107	214.75	0.
-8.70417	215.	0.
-8.78732	215.25	0.
-8.87053	215.5	0.
-8.95378	215.75	0.
-9.03707	216.	0.
-9.12038	216.25	0.
-9.2037	216.5	0.
-9.28704	216.75	0.
-9.37037	217.	0.
-9.45368	217.25	0.
-9.53698	217.5	0.
-9.62024	217.75	0.
-9.70347	218.	0.
-9.78664	218.25	0.
-9.86975	218.5	0.
-9.9528	218.75	0.
-10.0358	219.	0.
-10.1186	219.25	0.
-10.2014	219.5	0.
-10.2841	219.75	0.
-10.3667	220.	0.
-10.4491	220.25	0.
-10.5314	220.5	0.
-10.6136	220.75	0.
-10.6956	221.	0.
-10.7774	221.25	0.
-10.8591	221.5	0.
-10.9406	221.75	0.
-11.0219	222.	0.
-11.103	222.25	0.
-11.1839	222.5	0.
-11.2645	222.75	0.
-11.345	223.	0.
-11.4252	223.25	0.
-11.5051	223.5	0.
-11.5848	223.75	0.
-11.6643	224.	0.
-11.7434	224.25	0.
-11.8223	224.5	0.
-11.9009	224.75	0.
-11.9792	225.	0.
-12.0571	225.25	0.
-12.1348	225.5	0.
-12.2121	225.75	0.
-12.2891	226.	0.
-12.3657	226.25	0.
-12.442	226.5	0.
-12.5178	226.75	0.
-12.5934	227.	0.
-12.6685	227.25	0.
-12.7432	227.5	0.
-12.8176	227.75	0.
-12.8915	228.	0.
-12.965	228.25	0.
-13.038	228.5	0.
-13.1106	228.75	0.
-13.1828	229.	0.
-13.2545	229.25	0.
-13.3257	229.5	0.
-13.3964	229.75	0.
-13.4667	230.	0.
-13.5364	230.25	0.
-13.6057	230.5	0.
-13.6744	230.75	0.
-13.7426	231.	0.
-13.8102	231.25	0.
-13.8773	231.5	0.
-13.9439	231.75	0.
-14.0099	232.	0.
-14.0753	232.25	0.
-14.1401	232.5	0.
-14.2043	232.75	0.
-14.268	233.	0.
-14.331	233.25	0.
-14.3934	233.5	0.
-14.4551	233.75	0.
-14.5163	234.	0.
-14.5767	234.25	0.
-14.6366	234.5	0.
-14.6957	234.75	0.
-14.7542	235.	0.
-14.8119	235.25	0.
-14.869	235.5	0.
-14.9254	235.75	0.
-14.9811	236.	0.
-15.036	236.25	0.
-15.0902	236.5	0.
-15.1437	236.75	0.
-15.1964	237.	0.
-15.2483	237.25	0.
-15.2995	237.5	0.
-15.3499	237.75	0.
-15.3995	238.	0.
-15.4483	238.25	0.
-15.4963	238.5	0.
-15.5434	238.75	0.
-15.5898	239.	0.
-15.6353	239.25	0.
-15.6799	239.5	0.
-15.7237	239.75	0.
-15.7667	240.	0.
-15.8087	240.25	0.
-15.8499	240.5	0.
-15.8902	240.75	0.
-15.9296	241.	0.
-15.968	241.25	0.
-16.0056	241.5	0.
-16.0422	241.75	0.
-16.0779	242.	0.
-16.1126	242.25	0.
-16.1464	242.5	0.
-16.1791	242.75	0.
-16.211	243.	0.
-16.2418	243.25	0.
-16.2716	243.5	0.
-16.3005	243.75	0.
-16.3283	244.	0.
-16.3551	244.25	0.
-16.3808	244.5	0.
-16.4055	244.75	0.
-16.4292	245.	0.
-16.4518	245.25	0.
-16.4733	245.5	0.
-16.4937	245.75	0.
-16.5131	246.	0.
-16.5313	246.25	0.
-16.5485	246.5	0.
-16.5645	246.75	0.
-16.5794	247.	0.
-16.5931	247.25	0.
-16.6057	247.5	0.
-16.6172	247.75	0.
-16.6275	248.	0.
-16.6366	248.25	0.
-16.6445	248.5	0.
-16.6512	248.75	0.
-16.6568	249.	0.
-16.6611	249.25	0.
-16.6642	249.5	0.
-16.666	249.75	0.
-16.6667	250.	0.
-16.666	250.25	0.
-16.6642	250.5	0.
-16.6611	250.75	0.
-16.6568	251.	0.
-16.6512	251.25	0.
-16.6445	251.5	0.
-16.6366	251.75	0.
-16.6275	252.	0.
-16.6172	252.25	0.
-16.6057	252.501	0.
-16.5931	252.751	0.
-16.5794	253.001	0.
-16.5645	253.251	0.
-16.5485	253.501	0.
-16.5313	253.752	0.
-16.5131	254.002	0.
-16.4937	254.253	0.
-16.4733	254.503	0.
-16.4518	254.754	0.
-16.4292	255.004	0.
-16.4055	255.255	0.
-16.3808	255.506	0.
-16.3551	255.756	0.
-16.3283	256.007	0.
-16.3005	256.258	0.
-16.2716	256.509	0.
-16.2418	256.76	0.
-16.211	257.011	0.
-16.1791	257.263	0.
-16.1464	257.514	0.
-16.1126	257.766	0.
-16.0779	258.017	0.
-16.0422	258.269	0.
-16.0056	258.52	0.
-15.968	258.772	0.
-15.9296	259.024	0.
-15.8902	259.276	0.
-15.8499	259.529	0.
-15.8087	259.781	0.
-15.7667	260.033	0.
-15.7237	260.286	0.
-15.6799	260.539	0.
-15.6353	260.791	0.
-15.5898	261.044	0.
-15.5434	261.297	0.
-15.4963	261.551	0.
-15.4483	261.804	0.
-15.3995	262.058	0.
-15.3499	262.311	0.
-15.2995	262.565	0.
-15.2483	262.819	0.
-15.1964	263.073	0.
-15.1437	263.328	0.
-15.0902	263.582	0.
-15.036	263.837	0.
-14.9811	264.091	0.
-14.9254	264.346	0.
-14.869	264.602	0.
-14.8119	264.857	0.
-14.7542	265.113	0.
-14.6957	265.368	0.
-14.6366	265.624	0.
-14.5767	265.88	0.
-14.5163	266.137	0.
-14.4551	266.393	0.
-14.3934	266.65	0.
-14.331	266.907	0.
-14.268	267.164	0.
-14.2043	267.421	0.
-14.1401	267.679	0.
-14.0753	267.936	0.
-14.0099	268.194	0.
-13.9439	268.453	0.
-13.8773	268.711	0.
-13.8102	268.97	0.
-13.7426	269.229	0.
-13.6744	269.488	0.
-13.6057	269.747	0.
-13.5364	270.007	0.
-13.4667	270.267	0.
-13.3964	270.527	0.
-13.3257	270.787	0.
-13.2545	271.048	0.
-13.1828	271.309	0.
-13.1106	271.57	0.
-13.038	271.831	0.
-12.965	272.093	0.
-12.8915	272.355	0.
-12.8176	272.617	0.
-12.7432	272.88	0.
-12.6685	273.142	0.
-12.5934	273.406	0.
-12.5178	273.669	0.
-12.442	273.933	0.
-12.3657	274.197	0.
-12.2891	274.461	0.
-12.2121	274.725	0.
-12.1348	274.99	0.
-12.0571	275.255	0.
-11.9792	275.521	0.
-11.9009	275.787	0.
-11.8223	276.053	0.
-11.7434	276.319	0.
-11.6643	276.586	0.
-11.5848	276.853	0.
-11.5051	277.12	0.
-11.4252	277.388	0.
-11.345	277.656	0.
-11.2645	277.924	0.
-11.1839	278.193	0.
-11.103	278.462	0.
-11.0219	278.732	0.
-10.9406	279.002	0.
-10.8591	279.272	0.
-10.7774	279.542	0.
-10.6956	279.813	0.
-10.6136	280.084	0.
-10.5314	280.356	0.
-10.4491	280.628	0.
-10.3667	280.9	0.
-10.2841	281.173	0.
-10.2014	281.446	0.
-10.1186	281.719	0.
-10.0358	281.993	0.
-9.9528	282.267	0.
-9.86975	282.542	0.
-9.78664	282.817	0.
-9.70347	283.092	0.
-9.62024	283.368	0.
-9.53698	283.644	0.
-9.45368	283.921	0.
-9.37037	284.198	0.
-9.28704	284.475	0.
-9.2037	284.753	0.
-9.12038	285.031	0.
-9.03707	285.31	0.
-8.95378	285.589	0.
-8.87053	285.869	0.
-8.78732	286.149	0.
-8.70417	286.429	0.
-8.62107	286.71	0.
-8.53805	286.991	0.
-8.45511	287.273	0.
-8.37227	287.555	0.
-8.28952	287.838	0.
-8.20688	288.121	0.
-8.12436	288.404	0.
-8.04197	288.688	0.
-7.95971	288.973	0.
-7.8776	289.258	0.
-7.79565	289.543	0.
-7.71387	289.829	0.
-7.63226	290.115	0.
-7.55083	290.402	0.
-7.4696	290.69	0.
-7.38857	290.977	0.
-7.30775	291.266	0.
-7.22715	291.554	0.
-7.14679	291.844	0.
-7.06667	292.133	0.
-6.98679	292.424	0.
-6.90718	292.714	0.
-6.82783	293.006	0.
-6.74877	293.297	0.
-6.66999	293.59	0.
-6.5915	293.882	0.
-6.51333	294.176	0.
-6.43547	294.47	0.
-6.35793	294.764	0.
-6.28073	295.059	0.
-6.20387	295.354	0.
-6.12737	295.65	0.
-6.05122	295.947	0.
-5.97545	296.244	0.
-5.90006	296.541	0.
-5.82507	296.839	0.
-5.75047	297.138	0.
-5.67628	297.437	0.
-5.60251	297.737	0.
-5.52917	298.038	0.
-5.45626	298.338	0.
-5.3838	298.64	0.
-5.3118	298.942	0.
-5.24027	299.245	0.
-5.16921	299.548	0.
-5.09863	299.851	0.
-5.02855	300.156	0.
-4.95897	300.461	0.
-4.8899	300.766	0.
-4.82135	301.072	0.
-4.75334	301.379	0.
-4.68587	301.686	0.
-4.61894	301.994	0.
-4.55258	302.303	0.
-4.48678	302.612	0.
-4.42157	302.922	0.
-4.35694	303.232	0.
-4.2929	303.543	0.
-4.22948	303.854	0.
-4.16667	304.167	0.
-4.10448	304.479	0.
-4.04291	304.793	0.
-3.98197	305.107	0.
-3.92163	305.422	0.
-3.86191	305.737	0.
-3.8028	306.053	0.
-3.7443	306.37	0.
-3.6864	306.688	0.
-3.6291	307.006	0.
-3.5724	307.326	0.
-3.51629	307.645	0.
-3.46077	307.966	0.
-3.40583	308.288	0.
-3.35149	308.61	0.
-3.29772	308.933	0.
-3.24453	309.257	0.
-3.19192	309.582	0.
-3.13988	309.908	0.
-3.08841	310.235	0.
-3.0375	310.563	0.
-2.98716	310.891	0.
-2.93737	311.221	0.
-2.88814	311.551	0.
-2.83947	311.883	0.
-2.79134	312.215	0.
-2.74376	312.549	0.
-2.69673	312.883	0.
-2.65023	313.219	0.
-2.60428	313.555	0.
-2.55885	313.893	0.
-2.51396	314.232	0.
-2.4696	314.572	0.
-2.42576	314.913	0.
-2.38245	315.255	0.
-2.33965	315.599	0.
-2.29737	315.943	0.
-2.2556	316.289	0.
-2.21434	316.636	0.
-2.17358	316.984	0.
-2.13333	317.333	0.
-2.09358	317.684	0.
-2.05433	318.036	0.
-2.01557	318.389	0.
-1.9773	318.744	0.
-1.93952	319.099	0.
-1.90222	319.456	0.
-1.8654	319.815	0.
-1.82907	320.175	0.
-1.7932	320.536	0.
-1.75781	320.898	0.
-1.72289	321.262	0.
-1.68843	321.628	0.
-1.65444	321.995	0.
-1.6209	322.363	0.
-1.58783	322.733	0.
-1.5552	323.104	0.
-1.52302	323.477	0.
-1.4913	323.851	0.
-1.46001	324.227	0.
-1.42917	324.604	0.
-1.39876	324.983	0.
-1.36879	325.364	0.
-1.33925	325.746	0.
-1.31013	326.129	0.
-1.28145	326.515	0.
-1.25318	326.902	0.
-1.22533	327.29	0.
-1.1979	327.681	0.
-1.17088	328.072	0.
-1.14427	328.466	0.
-1.11807	328.862	0.
-1.09227	329.259	0.
-1.06687	329.658	0.
-1.04186	330.058	0.
-1.01725	330.461	0.
-0.993033	330.865	0.
-0.969202	331.271	0.
-0.945754	331.679	0.
-0.922688	332.088	0.
-0.9	332.5	0.
-0.877687	332.913	0.
-0.855746	333.329	0.
-0.834173	333.746	0.
-0.812967	334.165	0.
-0.792122	334.586	0.
-0.771637	335.009	0.
-0.751509	335.434	0.
-0.731733	335.861	0.
-0.712308	336.29	0.
-0.693229	336.721	0.
-0.674494	337.154	0.
-0.6561	337.59	0.
-0.638043	338.027	0.
-0.620321	338.466	0.
-0.60293	338.907	0.
-0.585867	339.351	0.
-0.569129	339.796	0.
-0.552712	340.244	0.
-0.536615	340.694	0.
-0.520833	341.146	0.
-0.505364	341.6	0.
-0.490204	342.056	0.
-0.475351	342.515	0.
-0.4608	342.976	0.
-0.446549	343.439	0.
-0.432596	343.905	0.
-0.418936	344.372	0.
-0.405567	344.842	0.
-0.392485	345.314	0.
-0.379687	345.789	0.
-0.367171	346.266	0.
-0.354933	346.745	0.
-0.34297	347.227	0.
-0.331279	347.711	0.
-0.319857	348.198	0.
-0.3087	348.687	0.
-0.297806	349.178	0.
-0.287171	349.672	0.
-0.276792	350.168	0.
-0.266667	350.667	0.
-0.256791	351.168	0.
-0.247162	351.672	0.
-0.237778	352.178	0.
-0.228633	352.687	0.
-0.219727	353.198	0.
-0.211054	353.712	0.
-0.202613	354.229	0.
-0.1944	354.748	0.
-0.186412	355.27	0.
-0.178646	355.794	0.
-0.171098	356.321	0.
-0.163767	356.851	0.
-0.156647	357.384	0.
-0.149737	357.919	0.
-0.143034	358.457	0.
-0.136533	358.997	0.
-0.130233	359.541	0.
-0.124129	360.087	0.
-0.118219	360.636	0.
-0.1125	361.188	0.
-0.106968	361.742	0.
-0.101621	362.299	0.
-9.64547e-002	362.86	0.
-9.14667e-002	363.423	0.
-8.66536e-002	363.989	0.
-8.20125e-002	364.557	0.
-7.75401e-002	365.129	0.
-7.32333e-002	365.704	0.
-6.90891e-002	366.281	0.
-6.51042e-002	366.862	0.
-6.12755e-002	367.445	0.
-5.76e-002	368.032	0.
-5.40745e-002	368.622	0.
-5.06958e-002	369.214	0.
-4.74609e-002	369.81	0.
-4.43667e-002	370.408	0.
-4.14099e-002	371.01	0.
-3.85875e-002	371.615	0.
-3.58964e-002	372.222	0.
-3.33333e-002	372.833	0.
-3.08953e-002	373.447	0.
-2.85792e-002	374.065	0.
-2.63818e-002	374.685	0.
-2.43e-002	375.309	0.
-2.23307e-002	375.935	0.
-2.04708e-002	376.565	0.
-1.87172e-002	377.198	0.
-1.70667e-002	377.835	0.
-1.55161e-002	378.474	0.
-1.40625e-002	379.117	0.
-1.27026e-002	379.763	0.
-1.14333e-002	380.413	0.
-1.02516e-002	381.066	0.
-9.15417e-003	381.722	0.
-8.13802e-003	382.381	0.
-7.2e-003	383.044	0.
-6.33698e-003	383.71	0.
-5.54583e-003	384.38	0.
-4.82344e-003	385.053	0.
-4.16667e-003	385.729	0.
-3.5724e-003	386.409	0.
-3.0375e-003	387.092	0.
-2.55885e-003	387.779	0.
-2.13333e-003	388.469	0.
-1.75781e-003	389.163	0.
-1.42917e-003	389.86	0.
-1.14427e-003	390.561	0.
-9.e-004	391.266	0.
-6.93229e-004	391.973	0.
-5.20833e-004	392.685	0.
-3.79687e-004	393.4	0.
-2.66667e-004	394.119	0.
-1.78646e-004	394.841	0.
-1.125e-004	395.567	0.
-6.51042e-005	396.297	0.
-3.33333e-005	397.03	0.
-1.40625e-005	397.767	0.
-4.16667e-006	398.507	0.
-5.20833e-007	399.252	0.
0.	400.	0.

