EndlessNurbs
ctrlpoints
0	-2	0
0	-1.82609	0
0	-1.65217	0
-0.25	-1.47826	0
0	-1.30435	0
0.25	-1.13043	0
0	-0.956522	0
-0.25	-0.782609	0
0	-0.608696	0
-0.23	-0.434783	0
0.08	-0.26087	0
0	-0.0869565	0
-0.25	0.0869565	0
0	0.26087	0
0	0.434783	0
-0.25	0.608696	0
0	0.782609	0
0.16	1.10652	0
0	1.13043	0
0	1.30435	0
-0.25	1.47826	0
0	1.65217	0
0	1.82609	0
0	2	0
knots
0
0
0
0
1
2
3
4
5
6
7
8
9
10
11
12
13
14
15
16
17
18
19
20
21
21
21
21
#Curvature
#16.5312
#16.5312
#16.5312
#16.5312
#16.5312
#16.5312
#16.5312
#16.5312
#16.5312
#16.5312
