EndlessNurbs
ctrlpoints
0	-403.142	0
0	-369.547	0
19.6532	-340.487	0
0	-302.357	0
-16.6296	-277.832	0
0	-235.166	0
16.6296	-209.634	0
0	-167.976	0
-6.04713	-134.381	0
0	-100.786	0
-17.1335	-78.7807	0
0	-33.5952	0
13.606	0	0
0	33.5952	0
17.1335	63.1589	0
0	100.786	0
0	134.381	0
6.55106	166.464	0
0	201.571	0
-16.6296	223.072	0
0	268.761	0
0	302.357	0
22.6767	335.952	0
0	369.547	0
0	403.142	0
knots
0
0
0
0
1
2
3
4
5
6
7
8
9
10
11
12
13
14
15
16
17
18
19
20
21
22
22
22
22
#Curvature
#32.1432
#32.1432
#32.2166
#32.2174
#32.2221
#32.2245
#32.234
#32.2378
#32.2522
#32.2573
#Length
#833.143
#Scale
#200
