EndlessNurbs
ctrlpoints
0	-408	0
0	-374	0
16.32	-344.59	0
0	-306	0
1.53	-272	0
0	-238	0
-13.26	-214.71	0
0	-170	0
7.65	-136	0
0	-102	0
-13.26	-77.18	0
0	-34	0
-13.26	0	0
0	34	0
13.26	62.39	0
0	102	0
0	136	0
13.26	170	0
0	204	0
-13.26	231.37	0
0	272	0
0	306	0
17.34	332.86	0
0	374	0
0	408	0
knots
0
0
0
0
1
2
3
4
5
6
7
8
9
10
11
12
13
14
15
16
17
18
19
20
21
22
22
22
22
#Curvature
#42.8451
#42.8478
#42.8492
#42.8573
#42.8599
#42.8735
#42.8772
#42.8922
#42.8926
#42.8967
#Length
#833.533
#Scale
#200
