EndlessNurbs
ctrlpoints
0	-410	0
0	-375.833	0
-12.8125	-348.842	0
0	-307.5	0
-4.6125	-275.383	0
0	-239.167	0
11.275	-215.762	0
0	-170.833	0
0	-136.667	0
10.25	-106.087	0
0	-68.3333	0
-11.275	-43.3917	0
0	0	0
0	34.1667	0
-11.275	57.5708	0
0	102.5	0
11.275	136.154	0
0	170.833	0
-2.05	205	0
-11.275	236.092	0
0	273.333	0
-0.5125	307.5	0
15.375	338.079	0
0	375.833	0
0	410	0
knots
0
0
0
0
1
2
3
4
5
6
7
8
9
10
11
12
13
14
15
16
17
18
19
20
21
22
22
22
22
#Curvature
#50.0485
#50.0514
#50.0524
#50.0609
#50.0632
#50.0771
#50.0807
#50.0822
#50.083
#50.0889
#Length
#831.826
#Scale
#200
