EndlessNurbs
ctrlpoints
0	-826.949	0
29.9769	-747.137	0
0	-652.854	0
0	-565.807	0
-17.5727	-478.76	0
0	-391.713	0
-17.5727	-304.665	0
0	-217.618	0
17.5727	-135.739	0
0	-43.5236	0
-14.4716	43.5236	0
0	130.571	0
-17.5727	210.382	0
-2.06737	304.665	0
3.10106	391.713	0
-15.5053	478.76	0
0	565.807	0
22.7411	652.854	0
0	739.901	0
0	826.949	0
knots
0
0
0
0
1
2
3
4
5
6
7
8
9
10
11
12
13
14
15
16
17
17
17
17
#Curvature
#214.39
#214.393
#214.426
#214.434
#214.5
#214.515
#214.612
#214.637
#214.761
#214.799
#Length
#1666.36
#Scale
#200
