EndlessNurbs
ctrlpoints
0	-827.976	0
0	-740.82	0
20.6994	-654.7	0
-1.03497	-566.51	0
0	-479.354	0
-15.5245	-397.374	0
0	-305.044	0
15.5245	-217.888	0
0	-130.733	0
-15.5245	-43.5777	0
-5.17485	43.5777	0
-1.03497	130.733	0
15.5245	217.888	0
0	305.044	0
-15.5245	392.199	0
0	479.354	0
15.5245	566.51	0
-1.03497	653.665	0
25.8742	740.82	0
0	827.976	0
knots
0
0
0
0
1
2
3
4
5
6
7
8
9
10
11
12
13
14
15
16
17
17
17
17
#Curvature
#231.622
#231.934
#232.134
#232.27
#232.44
#232.629
#232.766
#233.012
#233.112
#233.419
#Length
#1666.72
#Scale
#200
