EndlessNurbs
ctrlpoints
0	-2	0
0.01	-1.84	0
0.04	-1.68	0
0	-1.52	0
-0.02	-1.36	0
0	-1.2	0
-0.02	-1.04	0
-0.06	-0.88	0
-0.06	-0.72	0
-0.04	-0.56	0
0	-0.4	0
0.02	-0.24	0
-0.01	-0.09	0
0.01	0.08	0
-0.01	0.24	0
0.02	0.4	0
0	0.56	0
0.02	0.72	0
0.05	0.88	0
0.03	1.04	0
-0.01	1.2	0
-0.03	1.36	0
0	1.52	0
-0.02	1.68	0
-0.05	1.84	0
0	2	0
knots
0
0
0
0
1
2
3
4
5
6
7
8
9
10
11
12
13
14
15
16
17
18
19
20
21
22
23
23
23
23
#Curvature
#2.1449
#2.14411
#2.14368
#2.14141
#2.14039
#2.13687
#2.13495
#2.13056
#2.12727
#2.12258
