0.	-400.	0.
0.387081	-399.252	0.
0.768345	-398.507	0.
1.14383	-397.767	0.
1.51356	-397.03	0.
1.87759	-396.297	0.
2.23593	-395.567	0.
2.58863	-394.841	0.
2.93571	-394.119	0.
3.27722	-393.4	0.
3.61319	-392.685	0.
3.94364	-391.973	0.
4.26863	-391.266	0.
4.58817	-390.561	0.
4.90231	-389.86	0.
5.21107	-389.163	0.
5.5145	-388.469	0.
5.81262	-387.779	0.
6.10547	-387.092	0.
6.39309	-386.409	0.
6.6755	-385.729	0.
6.95275	-385.053	0.
7.22486	-384.38	0.
7.49187	-383.71	0.
7.75382	-383.044	0.
8.01074	-382.381	0.
8.26266	-381.722	0.
8.50962	-381.066	0.
8.75165	-380.413	0.
8.98879	-379.763	0.
9.22106	-379.117	0.
9.44851	-378.474	0.
9.67117	-377.835	0.
9.88907	-377.198	0.
10.1022	-376.565	0.
10.3107	-375.935	0.
10.5146	-375.308	0.
10.7138	-374.685	0.
10.9084	-374.065	0.
11.0985	-373.447	0.
11.284	-372.833	0.
11.4651	-372.222	0.
11.6417	-371.615	0.
11.8139	-371.01	0.
11.9817	-370.408	0.
12.1451	-369.81	0.
12.3043	-369.214	0.
12.4592	-368.622	0.
12.6098	-368.032	0.
12.7562	-367.445	0.
12.8984	-366.862	0.
13.0365	-366.281	0.
13.1705	-365.704	0.
13.3004	-365.129	0.
13.4263	-364.557	0.
13.5481	-363.989	0.
13.666	-363.423	0.
13.78	-362.86	0.
13.89	-362.299	0.
13.9962	-361.742	0.
14.0985	-361.188	0.
14.197	-360.636	0.
14.2918	-360.087	0.
14.3828	-359.541	0.
14.4701	-358.997	0.
14.5538	-358.457	0.
14.6338	-357.919	0.
14.7103	-357.384	0.
14.7831	-356.851	0.
14.8525	-356.321	0.
14.9183	-355.794	0.
14.9807	-355.27	0.
15.0396	-354.748	0.
15.0952	-354.229	0.
15.1474	-353.712	0.
15.1963	-353.198	0.
15.2419	-352.687	0.
15.2842	-352.178	0.
15.3233	-351.672	0.
15.3592	-351.168	0.
15.392	-350.667	0.
15.4216	-350.168	0.
15.4482	-349.672	0.
15.4717	-349.178	0.
15.4922	-348.686	0.
15.5097	-348.198	0.
15.5243	-347.711	0.
15.5359	-347.227	0.
15.5447	-346.745	0.
15.5506	-346.266	0.
15.5537	-345.789	0.
15.554	-345.314	0.
15.5516	-344.842	0.
15.5465	-344.372	0.
15.5386	-343.905	0.
15.5282	-343.439	0.
15.5151	-342.976	0.
15.4995	-342.515	0.
15.4813	-342.056	0.
15.4607	-341.6	0.
15.4375	-341.146	0.
15.4119	-340.694	0.
15.3839	-340.244	0.
15.3536	-339.796	0.
15.3209	-339.351	0.
15.2859	-338.907	0.
15.2486	-338.466	0.
15.2091	-338.027	0.
15.1674	-337.589	0.
15.1236	-337.154	0.
15.0776	-336.721	0.
15.0295	-336.29	0.
14.9793	-335.861	0.
14.9272	-335.434	0.
14.873	-335.009	0.
14.8169	-334.586	0.
14.7588	-334.165	0.
14.6988	-333.746	0.
14.637	-333.329	0.
14.5734	-332.913	0.
14.508	-332.5	0.
14.4408	-332.088	0.
14.3719	-331.679	0.
14.3014	-331.271	0.
14.2291	-330.865	0.
14.1553	-330.461	0.
14.0798	-330.058	0.
14.0029	-329.658	0.
13.9244	-329.259	0.
13.8444	-328.862	0.
13.7629	-328.466	0.
13.6801	-328.072	0.
13.5959	-327.68	0.
13.5103	-327.29	0.
13.4234	-326.902	0.
13.3353	-326.515	0.
13.2459	-326.129	0.
13.1552	-325.746	0.
13.0635	-325.364	0.
12.9705	-324.983	0.
12.8765	-324.604	0.
12.7814	-324.227	0.
12.6853	-323.851	0.
12.5881	-323.477	0.
12.49	-323.104	0.
12.3909	-322.733	0.
12.291	-322.363	0.
12.1901	-321.995	0.
12.0885	-321.628	0.
11.986	-321.262	0.
11.8828	-320.898	0.
11.7789	-320.536	0.
11.6742	-320.175	0.
11.5689	-319.815	0.
11.463	-319.456	0.
11.3564	-319.099	0.
11.2493	-318.743	0.
11.1417	-318.389	0.
11.0336	-318.036	0.
10.925	-317.684	0.
10.816	-317.333	0.
10.7066	-316.984	0.
10.5969	-316.636	0.
10.4868	-316.289	0.
10.3764	-315.943	0.
10.2658	-315.599	0.
10.155	-315.255	0.
10.044	-314.913	0.
9.93283	-314.572	0.
9.82155	-314.232	0.
9.71019	-313.893	0.
9.59877	-313.555	0.
9.48735	-313.219	0.
9.37594	-312.883	0.
9.26459	-312.549	0.
9.15332	-312.215	0.
9.04218	-311.883	0.
8.93119	-311.551	0.
8.82039	-311.221	0.
8.70982	-310.891	0.
8.5995	-310.562	0.
8.48948	-310.235	0.
8.37978	-309.908	0.
8.27044	-309.582	0.
8.1615	-309.257	0.
8.05299	-308.933	0.
7.94494	-308.61	0.
7.83739	-308.288	0.
7.73037	-307.966	0.
7.62392	-307.645	0.
7.51806	-307.326	0.
7.41284	-307.006	0.
7.30829	-306.688	0.
7.20444	-306.37	0.
7.10132	-306.053	0.
6.99898	-305.737	0.
6.89744	-305.422	0.
6.79673	-305.107	0.
6.6969	-304.793	0.
6.59798	-304.479	0.
6.5	-304.167	0.
6.40299	-303.854	0.
6.30694	-303.543	0.
6.21187	-303.232	0.
6.11775	-302.922	0.
6.02459	-302.612	0.
5.93237	-302.303	0.
5.84111	-301.994	0.
5.75078	-301.686	0.
5.6614	-301.379	0.
5.57294	-301.072	0.
5.48541	-300.766	0.
5.3988	-300.461	0.
5.3131	-300.156	0.
5.22832	-299.851	0.
5.14445	-299.548	0.
5.06147	-299.245	0.
4.9794	-298.942	0.
4.89821	-298.64	0.
4.81791	-298.338	0.
4.7385	-298.038	0.
4.65996	-297.737	0.
4.5823	-297.437	0.
4.5055	-297.138	0.
4.42957	-296.839	0.
4.35449	-296.541	0.
4.28027	-296.244	0.
4.20689	-295.947	0.
4.13436	-295.65	0.
4.06267	-295.354	0.
3.99181	-295.059	0.
3.92178	-294.764	0.
3.85258	-294.47	0.
3.78419	-294.176	0.
3.71662	-293.882	0.
3.64985	-293.59	0.
3.58389	-293.297	0.
3.51873	-293.006	0.
3.45437	-292.714	0.
3.39079	-292.424	0.
3.328	-292.133	0.
3.26599	-291.844	0.
3.20475	-291.554	0.
3.14429	-291.266	0.
3.08459	-290.977	0.
3.02565	-290.69	0.
2.96746	-290.402	0.
2.91003	-290.115	0.
2.85334	-289.829	0.
2.7974	-289.543	0.
2.74219	-289.258	0.
2.68771	-288.973	0.
2.63396	-288.688	0.
2.58092	-288.404	0.
2.52861	-288.121	0.
2.47701	-287.838	0.
2.42611	-287.555	0.
2.37592	-287.273	0.
2.32642	-286.991	0.
2.27762	-286.71	0.
2.2295	-286.429	0.
2.18207	-286.149	0.
2.13531	-285.869	0.
2.08922	-285.589	0.
2.04381	-285.31	0.
1.99905	-285.031	0.
1.95496	-284.753	0.
1.91152	-284.475	0.
1.86872	-284.198	0.
1.82657	-283.921	0.
1.78506	-283.644	0.
1.74418	-283.368	0.
1.70394	-283.092	0.
1.66431	-282.817	0.
1.62531	-282.542	0.
1.58691	-282.267	0.
1.54913	-281.993	0.
1.51195	-281.719	0.
1.47538	-281.446	0.
1.43939	-281.173	0.
1.404	-280.9	0.
1.36919	-280.628	0.
1.33496	-280.356	0.
1.30131	-280.084	0.
1.26823	-279.813	0.
1.23571	-279.542	0.
1.20375	-279.272	0.
1.17235	-279.002	0.
1.1415	-278.732	0.
1.1112	-278.462	0.
1.08144	-278.193	0.
1.05221	-277.924	0.
1.02352	-277.656	0.
0.995347	-277.388	0.
0.9677	-277.12	0.
0.94057	-276.853	0.
0.913952	-276.586	0.
0.887841	-276.319	0.
0.862231	-276.053	0.
0.83712	-275.787	0.
0.8125	-275.521	0.
0.788368	-275.255	0.
0.764718	-274.99	0.
0.741547	-274.725	0.
0.718848	-274.461	0.
0.696617	-274.197	0.
0.674849	-273.933	0.
0.65354	-273.669	0.
0.632684	-273.406	0.
0.612276	-273.142	0.
0.592312	-272.88	0.
0.572787	-272.617	0.
0.553696	-272.355	0.
0.535034	-272.093	0.
0.516795	-271.831	0.
0.498977	-271.57	0.
0.481572	-271.309	0.
0.464577	-271.048	0.
0.447986	-270.787	0.
0.431796	-270.527	0.
0.416	-270.267	0.
0.400594	-270.007	0.
0.385573	-269.747	0.
0.370933	-269.488	0.
0.356668	-269.229	0.
0.342773	-268.97	0.
0.329244	-268.711	0.
0.316076	-268.453	0.
0.303264	-268.194	0.
0.290803	-267.936	0.
0.278687	-267.679	0.
0.266914	-267.421	0.
0.255476	-267.164	0.
0.24437	-266.907	0.
0.23359	-266.65	0.
0.223133	-266.393	0.
0.212992	-266.137	0.
0.203163	-265.88	0.
0.193641	-265.624	0.
0.184422	-265.368	0.
0.1755	-265.113	0.
0.16687	-264.857	0.
0.158528	-264.602	0.
0.150469	-264.346	0.
0.142688	-264.091	0.
0.13518	-263.837	0.
0.127939	-263.582	0.
0.120963	-263.328	0.
0.114244	-263.073	0.
0.107779	-262.819	0.
0.101562	-262.565	0.
9.55898e-002	-262.311	0.
8.9856e-002	-262.058	0.
8.43562e-002	-261.804	0.
7.90855e-002	-261.551	0.
7.40391e-002	-261.297	0.
6.9212e-002	-261.044	0.
6.45994e-002	-260.791	0.
6.01965e-002	-260.539	0.
5.59983e-002	-260.286	0.
5.2e-002	-260.033	0.
4.81967e-002	-259.781	0.
4.45835e-002	-259.529	0.
4.11556e-002	-259.276	0.
3.7908e-002	-259.024	0.
3.48359e-002	-258.772	0.
3.19345e-002	-258.52	0.
2.91988e-002	-258.269	0.
2.6624e-002	-258.017	0.
2.42052e-002	-257.766	0.
2.19375e-002	-257.514	0.
1.98161e-002	-257.263	0.
1.7836e-002	-257.011	0.
1.59924e-002	-256.76	0.
1.42805e-002	-256.509	0.
1.26953e-002	-256.258	0.
1.1232e-002	-256.007	0.
9.88569e-003	-255.756	0.
8.6515e-003	-255.506	0.
7.52456e-003	-255.255	0.
6.5e-003	-255.004	0.
5.57294e-003	-254.754	0.
4.7385e-003	-254.503	0.
3.99181e-003	-254.253	0.
3.328e-003	-254.002	0.
2.74219e-003	-253.752	0.
2.2295e-003	-253.501	0.
1.78506e-003	-253.251	0.
1.404e-003	-253.001	0.
1.08144e-003	-252.751	0.
8.125e-004	-252.501	0.
5.92312e-004	-252.25	0.
4.16e-004	-252.	0.
2.78687e-004	-251.75	0.
1.755e-004	-251.5	0.
1.01562e-004	-251.25	0.
5.2e-005	-251.	0.
2.19375e-005	-250.75	0.
6.5e-006	-250.5	0.
8.125e-007	-250.25	0.
6.29575e-041	-250.	0.
0.	-250.	0.
-3.22917e-007	-249.75	0.
-2.58333e-006	-249.5	0.
-8.71875e-006	-249.25	0.
-2.06667e-005	-249.	0.
-4.03646e-005	-248.75	0.
-6.975e-005	-248.5	0.
-1.1076e-004	-248.25	0.
-1.65333e-004	-248.	0.
-2.35406e-004	-247.75	0.
-3.22917e-004	-247.5	0.
-4.29802e-004	-247.25	0.
-5.58e-004	-247.	0.
-7.09448e-004	-246.75	0.
-8.86083e-004	-246.5	0.
-1.08984e-003	-246.25	0.
-1.32267e-003	-246.	0.
-1.58649e-003	-245.75	0.
-1.88325e-003	-245.5	0.
-2.21489e-003	-245.25	0.
-2.58333e-003	-245.	0.
-2.99053e-003	-244.75	0.
-3.43842e-003	-244.5	0.
-3.92893e-003	-244.25	0.
-4.464e-003	-244.	0.
-5.04557e-003	-243.75	0.
-5.67558e-003	-243.5	0.
-6.35597e-003	-243.25	0.
-7.08867e-003	-243.	0.
-7.87561e-003	-242.75	0.
-8.71875e-003	-242.5	0.
-9.62001e-003	-242.25	0.
-1.05813e-002	-242.	0.
-1.16047e-002	-241.75	0.
-1.26919e-002	-241.5	0.
-1.38451e-002	-241.25	0.
-1.5066e-002	-241.	0.
-1.63567e-002	-240.75	0.
-1.77191e-002	-240.5	0.
-1.91551e-002	-240.25	0.
-2.06667e-002	-240.	0.
-2.22557e-002	-239.75	0.
-2.39242e-002	-239.5	0.
-2.56741e-002	-239.25	0.
-2.75073e-002	-239.	0.
-2.94258e-002	-238.75	0.
-3.14314e-002	-238.5	0.
-3.35262e-002	-238.25	0.
-3.5712e-002	-238.	0.
-3.79908e-002	-237.75	0.
-4.03646e-002	-237.5	0.
-4.28352e-002	-237.25	0.
-4.54047e-002	-237.	0.
-4.80749e-002	-236.75	0.
-5.08477e-002	-236.5	0.
-5.37253e-002	-236.25	0.
-5.67093e-002	-236.	0.
-5.98019e-002	-235.75	0.
-6.30049e-002	-235.5	0.
-6.63203e-002	-235.25	0.
-6.975e-002	-235.	0.
-7.32959e-002	-234.75	0.
-7.69601e-002	-234.5	0.
-8.07443e-002	-234.25	0.
-8.46507e-002	-234.	0.
-8.8681e-002	-233.75	0.
-9.28372e-002	-233.5	0.
-9.71214e-002	-233.25	0.
-0.101535	-233.	0.
-0.106081	-232.75	0.
-0.11076	-232.5	0.
-0.115575	-232.25	0.
-0.120528	-232.	0.
-0.12562	-231.75	0.
-0.130854	-231.5	0.
-0.13623	-231.25	0.
-0.141753	-231.	0.
-0.147422	-230.75	0.
-0.153241	-230.5	0.
-0.159211	-230.25	0.
-0.165333	-230.	0.
-0.171611	-229.75	0.
-0.178046	-229.5	0.
-0.18464	-229.25	0.
-0.191394	-229.	0.
-0.198311	-228.75	0.
-0.205393	-228.5	0.
-0.212642	-228.25	0.
-0.220059	-228.	0.
-0.227646	-227.75	0.
-0.235406	-227.5	0.
-0.243341	-227.25	0.
-0.251451	-227.	0.
-0.25974	-226.75	0.
-0.268209	-226.5	0.
-0.276861	-226.25	0.
-0.285696	-226.	0.
-0.294717	-225.75	0.
-0.303927	-225.5	0.
-0.313326	-225.25	0.
-0.322917	-225.	0.
-0.332701	-224.75	0.
-0.342682	-224.5	0.
-0.35286	-224.25	0.
-0.363237	-224.	0.
-0.373816	-223.75	0.
-0.384599	-223.5	0.
-0.395587	-223.25	0.
-0.406782	-223.	0.
-0.418186	-222.75	0.
-0.429802	-222.5	0.
-0.441631	-222.25	0.
-0.453675	-222.	0.
-0.465935	-221.75	0.
-0.478415	-221.5	0.
-0.491116	-221.25	0.
-0.504039	-221.	0.
-0.517188	-220.75	0.
-0.530562	-220.5	0.
-0.544166	-220.25	0.
-0.558	-220.	0.
-0.572067	-219.75	0.
-0.586368	-219.5	0.
-0.600905	-219.25	0.
-0.615681	-219.	0.
-0.630697	-218.75	0.
-0.645955	-218.5	0.
-0.661457	-218.25	0.
-0.677205	-218.	0.
-0.693202	-217.75	0.
-0.709448	-217.5	0.
-0.725946	-217.25	0.
-0.742698	-217.	0.
-0.759706	-216.75	0.
-0.776971	-216.5	0.
-0.794496	-216.25	0.
-0.812283	-216.	0.
-0.830333	-215.75	0.
-0.848648	-215.5	0.
-0.867231	-215.25	0.
-0.886083	-215.	0.
-0.905207	-214.75	0.
-0.924603	-214.5	0.
-0.944275	-214.25	0.
-0.964224	-214.	0.
-0.984452	-213.75	0.
-1.00496	-213.5	0.
-1.02575	-213.25	0.
-1.04683	-213.	0.
-1.06819	-212.75	0.
-1.08984	-212.5	0.
-1.11179	-212.25	0.
-1.13402	-212.	0.
-1.15655	-211.75	0.
-1.17938	-211.5	0.
-1.2025	-211.25	0.
-1.22593	-211.	0.
-1.24965	-210.75	0.
-1.27368	-210.5	0.
-1.29802	-210.25	0.
-1.32267	-210.	0.
-1.34762	-209.75	0.
-1.37289	-209.5	0.
-1.39847	-209.25	0.
-1.42437	-209.	0.
-1.45058	-208.75	0.
-1.47712	-208.5	0.
-1.50397	-208.25	0.
-1.53115	-208.	0.
-1.55866	-207.75	0.
-1.58649	-207.5	0.
-1.61465	-207.25	0.
-1.64314	-207.	0.
-1.67197	-206.75	0.
-1.70113	-206.5	0.
-1.73063	-206.25	0.
-1.76047	-206.	0.
-1.79065	-205.75	0.
-1.82117	-205.5	0.
-1.85204	-205.25	0.
-1.88325	-205.	0.
-1.91481	-204.75	0.
-1.94673	-204.5	0.
-1.97899	-204.25	0.
-2.01161	-204.	0.
-2.04459	-203.75	0.
-2.07792	-203.5	0.
-2.11162	-203.25	0.
-2.14568	-203.	0.
-2.1801	-202.75	0.
-2.21489	-202.5	0.
-2.25004	-202.25	0.
-2.28557	-202.	0.
-2.32147	-201.75	0.
-2.35774	-201.5	0.
-2.39439	-201.25	0.
-2.43141	-201.	0.
-2.46882	-200.75	0.
-2.50661	-200.5	0.
-2.54478	-200.25	0.
-2.58333	-200.	0.
-2.58333	-200.	0.
-2.62228	-199.75	0.
-2.6616	-199.5	0.
-2.7013	-199.25	0.
-2.74137	-199.	0.
-2.78181	-198.75	0.
-2.8226	-198.5	0.
-2.86374	-198.25	0.
-2.90524	-198.	0.
-2.94707	-197.75	0.
-2.98924	-197.5	0.
-3.03174	-197.25	0.
-3.07456	-197.	0.
-3.1177	-196.75	0.
-3.16115	-196.5	0.
-3.20491	-196.25	0.
-3.24897	-196.	0.
-3.29332	-195.75	0.
-3.33796	-195.5	0.
-3.38288	-195.25	0.
-3.42808	-195.	0.
-3.47356	-194.75	0.
-3.51929	-194.5	0.
-3.56529	-194.25	0.
-3.61154	-194.	0.
-3.65804	-193.75	0.
-3.70478	-193.5	0.
-3.75176	-193.25	0.
-3.79897	-193.	0.
-3.8464	-192.75	0.
-3.89405	-192.5	0.
-3.94192	-192.25	0.
-3.98999	-192.	0.
-4.03826	-191.75	0.
-4.08673	-191.5	0.
-4.13539	-191.25	0.
-4.18424	-191.	0.
-4.23326	-190.75	0.
-4.28245	-190.5	0.
-4.33181	-190.25	0.
-4.38133	-190.	0.
-4.43101	-189.75	0.
-4.48084	-189.5	0.
-4.5308	-189.25	0.
-4.58091	-189.	0.
-4.63115	-188.75	0.
-4.68151	-188.5	0.
-4.732	-188.25	0.
-4.7826	-188.	0.
-4.8333	-187.75	0.
-4.88411	-187.5	0.
-4.93502	-187.25	0.
-4.98602	-187.	0.
-5.0371	-186.75	0.
-5.08826	-186.5	0.
-5.1395	-186.25	0.
-5.19081	-186.	0.
-5.24217	-185.75	0.
-5.29359	-185.5	0.
-5.34507	-185.25	0.
-5.39658	-185.	0.
-5.44814	-184.75	0.
-5.49973	-184.5	0.
-5.55134	-184.25	0.
-5.60298	-184.	0.
-5.65463	-183.75	0.
-5.7063	-183.5	0.
-5.75796	-183.25	0.
-5.80963	-183.	0.
-5.86128	-182.75	0.
-5.91293	-182.5	0.
-5.96455	-182.25	0.
-6.01615	-182.	0.
-6.06772	-181.75	0.
-6.11925	-181.5	0.
-6.17074	-181.25	0.
-6.22218	-181.	0.
-6.27356	-180.75	0.
-6.32489	-180.5	0.
-6.37615	-180.25	0.
-6.42733	-180.	0.
-6.47844	-179.75	0.
-6.52947	-179.5	0.
-6.58041	-179.25	0.
-6.63125	-179.	0.
-6.68199	-178.75	0.
-6.73263	-178.5	0.
-6.78315	-178.25	0.
-6.83356	-178.	0.
-6.88384	-177.75	0.
-6.93399	-177.5	0.
-6.98401	-177.25	0.
-7.03388	-177.	0.
-7.08361	-176.75	0.
-7.13318	-176.5	0.
-7.18259	-176.25	0.
-7.23185	-176.	0.
-7.28092	-175.75	0.
-7.32983	-175.5	0.
-7.37855	-175.25	0.
-7.42708	-175.	0.
-7.47542	-174.75	0.
-7.52356	-174.5	0.
-7.5715	-174.25	0.
-7.61922	-174.	0.
-7.66673	-173.75	0.
-7.71401	-173.5	0.
-7.76107	-173.25	0.
-7.80789	-173.	0.
-7.85447	-172.75	0.
-7.9008	-172.5	0.
-7.94688	-172.25	0.
-7.99271	-172.	0.
-8.03827	-171.75	0.
-8.08356	-171.5	0.
-8.12858	-171.25	0.
-8.17332	-171.	0.
-8.21776	-170.75	0.
-8.26192	-170.5	0.
-8.30578	-170.25	0.
-8.34933	-170.	0.
-8.39258	-169.75	0.
-8.43551	-169.5	0.
-8.47811	-169.25	0.
-8.52039	-169.	0.
-8.56234	-168.75	0.
-8.60394	-168.5	0.
-8.64521	-168.25	0.
-8.68612	-168.	0.
-8.72667	-167.75	0.
-8.76686	-167.5	0.
-8.80669	-167.25	0.
-8.84614	-167.	0.
-8.88521	-166.75	0.
-8.92389	-166.5	0.
-8.96219	-166.25	0.
-9.00009	-166.	0.
-9.03758	-165.75	0.
-9.07466	-165.5	0.
-9.11133	-165.25	0.
-9.14758	-165.	0.
-9.18341	-164.75	0.
-9.2188	-164.5	0.
-9.25375	-164.25	0.
-9.28826	-164.	0.
-9.32232	-163.75	0.
-9.35593	-163.5	0.
-9.38907	-163.25	0.
-9.42175	-163.	0.
-9.45395	-162.75	0.
-9.48568	-162.5	0.
-9.51692	-162.25	0.
-9.54767	-162.	0.
-9.57792	-161.75	0.
-9.60768	-161.5	0.
-9.63692	-161.25	0.
-9.66566	-161.	0.
-9.69387	-160.75	0.
-9.72156	-160.5	0.
-9.74871	-160.25	0.
-9.77533	-160.	0.
-9.80141	-159.75	0.
-9.82694	-159.5	0.
-9.85192	-159.25	0.
-9.87633	-159.	0.
-9.90018	-158.75	0.
-9.92346	-158.5	0.
-9.94616	-158.25	0.
-9.96828	-158.	0.
-9.98981	-157.75	0.
-10.0107	-157.5	0.
-10.0311	-157.25	0.
-10.0508	-157.	0.
-10.0699	-156.75	0.
-10.0884	-156.5	0.
-10.1063	-156.25	0.
-10.1235	-156.	0.
-10.1401	-155.75	0.
-10.1561	-155.5	0.
-10.1714	-155.25	0.
-10.1861	-155.	0.
-10.2001	-154.75	0.
-10.2134	-154.5	0.
-10.2261	-154.25	0.
-10.2381	-154.	0.
-10.2494	-153.75	0.
-10.26	-153.5	0.
-10.27	-153.25	0.
-10.2792	-153.	0.
-10.2877	-152.75	0.
-10.2956	-152.5	0.
-10.3027	-152.25	0.
-10.309	-152.	0.
-10.3147	-151.75	0.
-10.3196	-151.5	0.
-10.3238	-151.25	0.
-10.3272	-151.	0.
-10.3299	-150.75	0.
-10.3318	-150.5	0.
-10.3329	-150.25	0.
-10.3333	-150.	0.
-10.3333	-150.	0.
-10.3329	-149.75	0.
-10.3318	-149.5	0.
-10.3299	-149.25	0.
-10.3272	-149.	0.
-10.3237	-148.75	0.
-10.3195	-148.5	0.
-10.3146	-148.25	0.
-10.3089	-148.	0.
-10.3024	-147.75	0.
-10.2952	-147.5	0.
-10.2873	-147.25	0.
-10.2786	-147.	0.
-10.2692	-146.75	0.
-10.2591	-146.5	0.
-10.2483	-146.25	0.
-10.2367	-146.	0.
-10.2245	-145.75	0.
-10.2115	-145.5	0.
-10.1978	-145.25	0.
-10.1834	-145.	0.
-10.1683	-144.75	0.
-10.1525	-144.5	0.
-10.1361	-144.25	0.
-10.1189	-144.	0.
-10.1011	-143.75	0.
-10.0826	-143.5	0.
-10.0634	-143.25	0.
-10.0435	-143.	0.
-10.0229	-142.75	0.
-10.0017	-142.5	0.
-9.97988	-142.25	0.
-9.95735	-142.	0.
-9.93418	-141.75	0.
-9.91036	-141.5	0.
-9.88589	-141.25	0.
-9.86078	-141.	0.
-9.83503	-140.75	0.
-9.80865	-140.5	0.
-9.78164	-140.25	0.
-9.754	-140.	0.
-9.72574	-139.75	0.
-9.69686	-139.5	0.
-9.66737	-139.25	0.
-9.63726	-139.	0.
-9.60655	-138.75	0.
-9.57523	-138.5	0.
-9.54332	-138.25	0.
-9.51081	-138.	0.
-9.4777	-137.75	0.
-9.44401	-137.5	0.
-9.40973	-137.25	0.
-9.37488	-137.	0.
-9.33944	-136.75	0.
-9.30344	-136.5	0.
-9.26686	-136.25	0.
-9.22972	-136.	0.
-9.19202	-135.75	0.
-9.15376	-135.5	0.
-9.11495	-135.25	0.
-9.07558	-135.	0.
-9.03567	-134.75	0.
-8.99522	-134.5	0.
-8.95423	-134.25	0.
-8.9127	-134.	0.
-8.87065	-133.75	0.
-8.82806	-133.5	0.
-8.78496	-133.25	0.
-8.74133	-133.	0.
-8.69719	-132.75	0.
-8.65253	-132.5	0.
-8.60737	-132.25	0.
-8.5617	-132.	0.
-8.51553	-131.75	0.
-8.46887	-131.5	0.
-8.42171	-131.25	0.
-8.37407	-131.	0.
-8.32593	-130.75	0.
-8.27732	-130.5	0.
-8.22823	-130.25	0.
-8.17867	-130.	0.
-8.12863	-129.75	0.
-8.07813	-129.5	0.
-8.02717	-129.25	0.
-7.97575	-129.	0.
-7.92387	-128.75	0.
-7.87154	-128.5	0.
-7.81877	-128.25	0.
-7.76555	-128.	0.
-7.71189	-127.75	0.
-7.6578	-127.5	0.
-7.60328	-127.25	0.
-7.54832	-127.	0.
-7.49295	-126.75	0.
-7.43715	-126.5	0.
-7.38094	-126.25	0.
-7.32431	-126.	0.
-7.26727	-125.75	0.
-7.20983	-125.5	0.
-7.15199	-125.25	0.
-7.09375	-125.	0.
-7.03512	-124.75	0.
-6.97609	-124.5	0.
-6.91668	-124.25	0.
-6.85689	-124.	0.
-6.79672	-123.75	0.
-6.73617	-123.5	0.
-6.67526	-123.25	0.
-6.61398	-123.	0.
-6.55233	-122.75	0.
-6.49032	-122.5	0.
-6.42796	-122.25	0.
-6.36525	-122.	0.
-6.30219	-121.75	0.
-6.23878	-121.5	0.
-6.17504	-121.25	0.
-6.11095	-121.	0.
-6.04654	-120.75	0.
-5.98179	-120.5	0.
-5.91672	-120.25	0.
-5.85133	-120.	0.
-5.78563	-119.75	0.
-5.7196	-119.5	0.
-5.65327	-119.25	0.
-5.58663	-119.	0.
-5.51969	-118.75	0.
-5.45246	-118.5	0.
-5.38492	-118.25	0.
-5.3171	-118.	0.
-5.24899	-117.75	0.
-5.18059	-117.5	0.
-5.11192	-117.25	0.
-5.04297	-117.	0.
-4.97375	-116.75	0.
-4.90426	-116.5	0.
-4.83451	-116.25	0.
-4.7645	-116.	0.
-4.69423	-115.75	0.
-4.6237	-115.5	0.
-4.55293	-115.25	0.
-4.48192	-115.	0.
-4.41066	-114.75	0.
-4.33916	-114.5	0.
-4.26744	-114.25	0.
-4.19548	-114.	0.
-4.12329	-113.75	0.
-4.05089	-113.5	0.
-3.97826	-113.25	0.
-3.90542	-113.	0.
-3.83237	-112.75	0.
-3.75911	-112.5	0.
-3.68565	-112.25	0.
-3.61199	-112.	0.
-3.53814	-111.75	0.
-3.46409	-111.5	0.
-3.38986	-111.25	0.
-3.31544	-111.	0.
-3.24084	-110.75	0.
-3.16606	-110.5	0.
-3.09112	-110.25	0.
-3.016	-110.	0.
-2.94072	-109.75	0.
-2.86528	-109.5	0.
-2.78967	-109.25	0.
-2.71392	-109.	0.
-2.63802	-108.75	0.
-2.56197	-108.5	0.
-2.48578	-108.25	0.
-2.40945	-108.	0.
-2.33298	-107.75	0.
-2.25639	-107.5	0.
-2.17966	-107.25	0.
-2.10282	-107.	0.
-2.02585	-106.75	0.
-1.94877	-106.5	0.
-1.87158	-106.25	0.
-1.79428	-106.	0.
-1.71688	-105.75	0.
-1.63938	-105.5	0.
-1.56178	-105.25	0.
-1.48408	-105.	0.
-1.4063	-104.75	0.
-1.32844	-104.5	0.
-1.25049	-104.25	0.
-1.17246	-104.	0.
-1.09437	-103.75	0.
-1.0162	-103.5	0.
-0.937964	-103.25	0.
-0.859669	-103.	0.
-0.781315	-102.75	0.
-0.702906	-102.5	0.
-0.624447	-102.25	0.
-0.545941	-102.	0.
-0.467392	-101.75	0.
-0.388804	-101.5	0.
-0.310181	-101.25	0.
-0.231526	-101.	0.
-0.152843	-100.75	0.
-7.41366e-002	-100.5	0.
4.59022e-003	-100.25	0.
8.33333e-002	-100.	0.
8.33333e-002	-100.	0.
0.162089	-99.75	0.
0.240853	-99.5	0.
0.319621	-99.25	0.
0.39839	-99.	0.
0.477155	-98.75	0.
0.555912	-98.5	0.
0.634657	-98.25	0.
0.713387	-98.	0.
0.792096	-97.75	0.
0.870781	-97.5	0.
0.949438	-97.25	0.
1.02806	-97.	0.
1.10665	-96.75	0.
1.1852	-96.5	0.
1.2637	-96.25	0.
1.34216	-96.	0.
1.42056	-95.75	0.
1.49891	-95.5	0.
1.5772	-95.25	0.
1.65542	-95.	0.
1.73357	-94.75	0.
1.81165	-94.5	0.
1.88965	-94.25	0.
1.96757	-94.	0.
2.04541	-93.75	0.
2.12316	-93.5	0.
2.20081	-93.25	0.
2.27837	-93.	0.
2.35583	-92.75	0.
2.43318	-92.5	0.
2.51042	-92.25	0.
2.58755	-92.	0.
2.66456	-91.75	0.
2.74145	-91.5	0.
2.81821	-91.25	0.
2.89484	-91.	0.
2.97134	-90.75	0.
3.04771	-90.5	0.
3.12393	-90.25	0.
3.2	-90.	0.
3.27592	-89.75	0.
3.35169	-89.5	0.
3.42731	-89.25	0.
3.50276	-89.	0.
3.57804	-88.75	0.
3.65315	-88.5	0.
3.72809	-88.25	0.
3.80285	-88.	0.
3.87743	-87.75	0.
3.95182	-87.5	0.
4.02602	-87.25	0.
4.10003	-87.	0.
4.17384	-86.75	0.
4.24744	-86.5	0.
4.32084	-86.25	0.
4.39403	-86.	0.
4.467	-85.75	0.
4.53975	-85.5	0.
4.61228	-85.25	0.
4.68458	-85.	0.
4.75665	-84.75	0.
4.82849	-84.5	0.
4.90009	-84.25	0.
4.97144	-84.	0.
5.04255	-83.75	0.
5.1134	-83.5	0.
5.184	-83.25	0.
5.25434	-83.	0.
5.32441	-82.75	0.
5.39422	-82.5	0.
5.46375	-82.25	0.
5.53301	-82.	0.
5.60199	-81.75	0.
5.67069	-81.5	0.
5.73909	-81.25	0.
5.80721	-81.	0.
5.87503	-80.75	0.
5.94255	-80.5	0.
6.00976	-80.25	0.
6.07667	-80.	0.
6.14326	-79.75	0.
6.20954	-79.5	0.
6.27549	-79.25	0.
6.34112	-79.	0.
6.40643	-78.75	0.
6.4714	-78.5	0.
6.53603	-78.25	0.
6.60032	-78.	0.
6.66427	-77.75	0.
6.72786	-77.5	0.
6.79111	-77.25	0.
6.854	-77.	0.
6.91652	-76.75	0.
6.97868	-76.5	0.
7.04048	-76.25	0.
7.10189	-76.	0.
7.16293	-75.75	0.
7.22359	-75.5	0.
7.28387	-75.25	0.
7.34375	-75.	0.
7.40324	-74.75	0.
7.46233	-74.5	0.
7.52102	-74.25	0.
7.57931	-74.	0.
7.63718	-73.75	0.
7.69464	-73.5	0.
7.75168	-73.25	0.
7.8083	-73.	0.
7.8645	-72.75	0.
7.92026	-72.5	0.
7.97559	-72.25	0.
8.03048	-72.	0.
8.08493	-71.75	0.
8.13893	-71.5	0.
8.19248	-71.25	0.
8.24558	-71.	0.
8.29821	-70.75	0.
8.35039	-70.5	0.
8.4021	-70.25	0.
8.45333	-70.	0.
8.50409	-69.75	0.
8.55438	-69.5	0.
8.60418	-69.25	0.
8.65349	-69.	0.
8.70231	-68.75	0.
8.75064	-68.5	0.
8.79846	-68.25	0.
8.84579	-68.	0.
8.8926	-67.75	0.
8.93891	-67.5	0.
8.98469	-67.25	0.
9.02996	-67.	0.
9.07471	-66.75	0.
9.11893	-66.5	0.
9.16261	-66.25	0.
9.20576	-66.	0.
9.24837	-65.75	0.
9.29043	-65.5	0.
9.33195	-65.25	0.
9.37292	-65.	0.
9.41333	-64.75	0.
9.45317	-64.5	0.
9.49246	-64.25	0.
9.53117	-64.	0.
9.56932	-63.75	0.
9.60688	-63.5	0.
9.64387	-63.25	0.
9.68027	-63.	0.
9.71608	-62.75	0.
9.7513	-62.5	0.
9.78592	-62.25	0.
9.81995	-62.	0.
9.85336	-61.75	0.
9.88617	-61.5	0.
9.91837	-61.25	0.
9.94994	-61.	0.
9.9809	-60.75	0.
10.0112	-60.5	0.
10.0409	-60.25	0.
10.07	-60.	0.
10.0984	-59.75	0.
10.1262	-59.5	0.
10.1534	-59.25	0.
10.1799	-59.	0.
10.2057	-58.75	0.
10.2309	-58.5	0.
10.2554	-58.25	0.
10.2793	-58.	0.
10.3024	-57.75	0.
10.3249	-57.5	0.
10.3468	-57.25	0.
10.3679	-57.	0.
10.3884	-56.75	0.
10.4082	-56.5	0.
10.4272	-56.25	0.
10.4456	-56.	0.
10.4633	-55.75	0.
10.4803	-55.5	0.
10.4965	-55.25	0.
10.5121	-55.	0.
10.5269	-54.75	0.
10.541	-54.5	0.
10.5544	-54.25	0.
10.567	-54.	0.
10.579	-53.75	0.
10.5901	-53.5	0.
10.6006	-53.25	0.
10.6102	-53.	0.
10.6192	-52.75	0.
10.6273	-52.5	0.
10.6348	-52.25	0.
10.6414	-52.	0.
10.6473	-51.75	0.
10.6524	-51.5	0.
10.6568	-51.25	0.
10.6603	-51.	0.
10.6631	-50.75	0.
10.6651	-50.5	0.
10.6663	-50.25	0.
10.6667	-50.	0.
10.6667	-50.	0.
10.6663	-49.75	0.
10.6651	-49.5	0.
10.6631	-49.25	0.
10.6603	-49.	0.
10.6568	-48.75	0.
10.6524	-48.5	0.
10.6473	-48.25	0.
10.6414	-48.	0.
10.6348	-47.75	0.
10.6273	-47.5	0.
10.6192	-47.25	0.
10.6102	-47.	0.
10.6006	-46.75	0.
10.5901	-46.5	0.
10.579	-46.25	0.
10.567	-46.	0.
10.5544	-45.75	0.
10.541	-45.5	0.
10.5269	-45.25	0.
10.5121	-45.	0.
10.4965	-44.75	0.
10.4803	-44.5	0.
10.4633	-44.25	0.
10.4456	-44.	0.
10.4272	-43.75	0.
10.4082	-43.5	0.
10.3884	-43.25	0.
10.3679	-43.	0.
10.3468	-42.75	0.
10.3249	-42.5	0.
10.3024	-42.25	0.
10.2793	-42.	0.
10.2554	-41.75	0.
10.2309	-41.5	0.
10.2057	-41.25	0.
10.1799	-41.	0.
10.1534	-40.75	0.
10.1262	-40.5	0.
10.0984	-40.25	0.
10.07	-40.	0.
10.0409	-39.75	0.
10.0112	-39.5	0.
9.9809	-39.25	0.
9.94994	-39.	0.
9.91837	-38.75	0.
9.88617	-38.5	0.
9.85336	-38.25	0.
9.81995	-38.	0.
9.78592	-37.75	0.
9.7513	-37.5	0.
9.71608	-37.25	0.
9.68027	-37.	0.
9.64387	-36.75	0.
9.60688	-36.5	0.
9.56932	-36.25	0.
9.53117	-36.	0.
9.49246	-35.75	0.
9.45317	-35.5	0.
9.41333	-35.25	0.
9.37292	-35.	0.
9.33195	-34.75	0.
9.29043	-34.5	0.
9.24837	-34.25	0.
9.20576	-34.	0.
9.16261	-33.75	0.
9.11893	-33.5	0.
9.07471	-33.25	0.
9.02996	-33.	0.
8.98469	-32.75	0.
8.93891	-32.5	0.
8.8926	-32.25	0.
8.84579	-32.	0.
8.79846	-31.75	0.
8.75064	-31.5	0.
8.70231	-31.25	0.
8.65349	-31.	0.
8.60418	-30.75	0.
8.55438	-30.5	0.
8.50409	-30.25	0.
8.45333	-30.	0.
8.4021	-29.75	0.
8.35039	-29.5	0.
8.29821	-29.25	0.
8.24558	-29.	0.
8.19248	-28.75	0.
8.13893	-28.5	0.
8.08493	-28.25	0.
8.03048	-28.	0.
7.97559	-27.75	0.
7.92026	-27.5	0.
7.8645	-27.25	0.
7.8083	-27.	0.
7.75168	-26.75	0.
7.69464	-26.5	0.
7.63718	-26.25	0.
7.57931	-26.	0.
7.52102	-25.75	0.
7.46233	-25.5	0.
7.40324	-25.25	0.
7.34375	-25.	0.
7.28387	-24.75	0.
7.22359	-24.5	0.
7.16293	-24.25	0.
7.10189	-24.	0.
7.04048	-23.75	0.
6.97868	-23.5	0.
6.91652	-23.25	0.
6.854	-23.	0.
6.79111	-22.75	0.
6.72786	-22.5	0.
6.66427	-22.25	0.
6.60032	-22.	0.
6.53603	-21.75	0.
6.4714	-21.5	0.
6.40643	-21.25	0.
6.34112	-21.	0.
6.27549	-20.75	0.
6.20954	-20.5	0.
6.14326	-20.25	0.
6.07667	-20.	0.
6.00976	-19.75	0.
5.94255	-19.5	0.
5.87503	-19.25	0.
5.80721	-19.	0.
5.73909	-18.75	0.
5.67069	-18.5	0.
5.60199	-18.25	0.
5.53301	-18.	0.
5.46375	-17.75	0.
5.39422	-17.5	0.
5.32441	-17.25	0.
5.25434	-17.	0.
5.184	-16.75	0.
5.1134	-16.5	0.
5.04255	-16.25	0.
4.97144	-16.	0.
4.90009	-15.75	0.
4.82849	-15.5	0.
4.75665	-15.25	0.
4.68458	-15.	0.
4.61228	-14.75	0.
4.53975	-14.5	0.
4.467	-14.25	0.
4.39403	-14.	0.
4.32084	-13.75	0.
4.24744	-13.5	0.
4.17384	-13.25	0.
4.10003	-13.	0.
4.02602	-12.75	0.
3.95182	-12.5	0.
3.87743	-12.25	0.
3.80285	-12.	0.
3.72809	-11.75	0.
3.65315	-11.5	0.
3.57804	-11.25	0.
3.50276	-11.	0.
3.42731	-10.75	0.
3.35169	-10.5	0.
3.27592	-10.25	0.
3.2	-10.	0.
3.12393	-9.75	0.
3.04771	-9.5	0.
2.97134	-9.25	0.
2.89484	-9.	0.
2.81821	-8.75	0.
2.74145	-8.5	0.
2.66456	-8.25	0.
2.58755	-8.	0.
2.51042	-7.75	0.
2.43318	-7.5	0.
2.35583	-7.25	0.
2.27837	-7.	0.
2.20081	-6.75	0.
2.12316	-6.5	0.
2.04541	-6.25	0.
1.96757	-6.	0.
1.88965	-5.75	0.
1.81165	-5.5	0.
1.73357	-5.25	0.
1.65542	-5.	0.
1.5772	-4.75	0.
1.49891	-4.5	0.
1.42056	-4.25	0.
1.34216	-4.	0.
1.2637	-3.75	0.
1.1852	-3.5	0.
1.10665	-3.25	0.
1.02806	-3.	0.
0.949438	-2.75	0.
0.870781	-2.5	0.
0.792096	-2.25	0.
0.713387	-2.	0.
0.634657	-1.75	0.
0.555912	-1.5	0.
0.477155	-1.25	0.
0.39839	-1.	0.
0.319621	-0.75	0.
0.240853	-0.5	0.
0.162089	-0.25	0.
8.33333e-002	-1.06404e-012	0.
8.33333e-002	1.77636e-015	0.
4.59022e-003	0.25	0.
-7.41366e-002	0.5	0.
-0.152843	0.75	0.
-0.231526	1.	0.
-0.310181	1.25	0.
-0.388804	1.5	0.
-0.467392	1.75	0.
-0.545941	2.	0.
-0.624447	2.25	0.
-0.702906	2.5	0.
-0.781315	2.75	0.
-0.859669	3.	0.
-0.937964	3.25	0.
-1.0162	3.5	0.
-1.09437	3.75	0.
-1.17246	4.	0.
-1.25049	4.25	0.
-1.32844	4.5	0.
-1.4063	4.75	0.
-1.48408	5.	0.
-1.56178	5.25	0.
-1.63938	5.5	0.
-1.71688	5.75	0.
-1.79428	6.	0.
-1.87158	6.25	0.
-1.94877	6.5	0.
-2.02585	6.75	0.
-2.10282	7.	0.
-2.17966	7.25	0.
-2.25639	7.5	0.
-2.33298	7.75	0.
-2.40945	8.	0.
-2.48578	8.25	0.
-2.56197	8.5	0.
-2.63802	8.75	0.
-2.71392	9.	0.
-2.78967	9.25	0.
-2.86528	9.5	0.
-2.94072	9.75	0.
-3.016	10.	0.
-3.09112	10.25	0.
-3.16606	10.5	0.
-3.24084	10.75	0.
-3.31544	11.	0.
-3.38986	11.25	0.
-3.46409	11.5	0.
-3.53814	11.75	0.
-3.61199	12.	0.
-3.68565	12.25	0.
-3.75911	12.5	0.
-3.83237	12.75	0.
-3.90542	13.	0.
-3.97826	13.25	0.
-4.05089	13.5	0.
-4.12329	13.75	0.
-4.19548	14.	0.
-4.26744	14.25	0.
-4.33916	14.5	0.
-4.41066	14.75	0.
-4.48192	15.	0.
-4.55293	15.25	0.
-4.6237	15.5	0.
-4.69423	15.75	0.
-4.7645	16.	0.
-4.83451	16.25	0.
-4.90426	16.5	0.
-4.97375	16.75	0.
-5.04297	17.	0.
-5.11192	17.25	0.
-5.18059	17.5	0.
-5.24899	17.75	0.
-5.3171	18.	0.
-5.38492	18.25	0.
-5.45246	18.5	0.
-5.51969	18.75	0.
-5.58663	19.	0.
-5.65327	19.25	0.
-5.7196	19.5	0.
-5.78563	19.75	0.
-5.85133	20.	0.
-5.91672	20.25	0.
-5.98179	20.5	0.
-6.04654	20.75	0.
-6.11095	21.	0.
-6.17504	21.25	0.
-6.23878	21.5	0.
-6.30219	21.75	0.
-6.36525	22.	0.
-6.42796	22.25	0.
-6.49032	22.5	0.
-6.55233	22.75	0.
-6.61398	23.	0.
-6.67526	23.25	0.
-6.73617	23.5	0.
-6.79672	23.75	0.
-6.85689	24.	0.
-6.91668	24.25	0.
-6.97609	24.5	0.
-7.03512	24.75	0.
-7.09375	25.	0.
-7.15199	25.25	0.
-7.20983	25.5	0.
-7.26727	25.75	0.
-7.32431	26.	0.
-7.38094	26.25	0.
-7.43715	26.5	0.
-7.49295	26.75	0.
-7.54832	27.	0.
-7.60328	27.25	0.
-7.6578	27.5	0.
-7.71189	27.75	0.
-7.76555	28.	0.
-7.81877	28.25	0.
-7.87154	28.5	0.
-7.92387	28.75	0.
-7.97575	29.	0.
-8.02717	29.25	0.
-8.07813	29.5	0.
-8.12863	29.75	0.
-8.17867	30.	0.
-8.22823	30.25	0.
-8.27732	30.5	0.
-8.32593	30.75	0.
-8.37407	31.	0.
-8.42171	31.25	0.
-8.46887	31.5	0.
-8.51553	31.75	0.
-8.5617	32.	0.
-8.60737	32.25	0.
-8.65253	32.5	0.
-8.69719	32.75	0.
-8.74133	33.	0.
-8.78496	33.25	0.
-8.82806	33.5	0.
-8.87065	33.75	0.
-8.9127	34.	0.
-8.95423	34.25	0.
-8.99522	34.5	0.
-9.03567	34.75	0.
-9.07558	35.	0.
-9.11495	35.25	0.
-9.15376	35.5	0.
-9.19202	35.75	0.
-9.22972	36.	0.
-9.26686	36.25	0.
-9.30344	36.5	0.
-9.33944	36.75	0.
-9.37488	37.	0.
-9.40973	37.25	0.
-9.44401	37.5	0.
-9.4777	37.75	0.
-9.51081	38.	0.
-9.54332	38.25	0.
-9.57523	38.5	0.
-9.60655	38.75	0.
-9.63726	39.	0.
-9.66737	39.25	0.
-9.69686	39.5	0.
-9.72574	39.75	0.
-9.754	40.	0.
-9.78164	40.25	0.
-9.80865	40.5	0.
-9.83503	40.75	0.
-9.86078	41.	0.
-9.88589	41.25	0.
-9.91036	41.5	0.
-9.93418	41.75	0.
-9.95735	42.	0.
-9.97988	42.25	0.
-10.0017	42.5	0.
-10.0229	42.75	0.
-10.0435	43.	0.
-10.0634	43.25	0.
-10.0826	43.5	0.
-10.1011	43.75	0.
-10.1189	44.	0.
-10.1361	44.25	0.
-10.1525	44.5	0.
-10.1683	44.75	0.
-10.1834	45.	0.
-10.1978	45.25	0.
-10.2115	45.5	0.
-10.2245	45.75	0.
-10.2367	46.	0.
-10.2483	46.25	0.
-10.2591	46.5	0.
-10.2692	46.75	0.
-10.2786	47.	0.
-10.2873	47.25	0.
-10.2952	47.5	0.
-10.3024	47.75	0.
-10.3089	48.	0.
-10.3146	48.25	0.
-10.3195	48.5	0.
-10.3237	48.75	0.
-10.3272	49.	0.
-10.3299	49.25	0.
-10.3318	49.5	0.
-10.3329	49.75	0.
-10.3333	50.	0.
-10.3333	50.	0.
-10.3329	50.25	0.
-10.3318	50.5	0.
-10.3299	50.75	0.
-10.3272	51.	0.
-10.3238	51.25	0.
-10.3196	51.5	0.
-10.3147	51.75	0.
-10.309	52.	0.
-10.3027	52.25	0.
-10.2956	52.5	0.
-10.2877	52.75	0.
-10.2792	53.	0.
-10.27	53.25	0.
-10.26	53.5	0.
-10.2494	53.75	0.
-10.2381	54.	0.
-10.2261	54.25	0.
-10.2134	54.5	0.
-10.2001	54.75	0.
-10.1861	55.	0.
-10.1714	55.25	0.
-10.1561	55.5	0.
-10.1401	55.75	0.
-10.1235	56.	0.
-10.1063	56.25	0.
-10.0884	56.5	0.
-10.0699	56.75	0.
-10.0508	57.	0.
-10.0311	57.25	0.
-10.0107	57.5	0.
-9.98981	57.75	0.
-9.96828	58.	0.
-9.94616	58.25	0.
-9.92346	58.5	0.
-9.90018	58.75	0.
-9.87633	59.	0.
-9.85192	59.25	0.
-9.82694	59.5	0.
-9.80141	59.75	0.
-9.77533	60.	0.
-9.74871	60.25	0.
-9.72156	60.5	0.
-9.69387	60.75	0.
-9.66566	61.	0.
-9.63692	61.25	0.
-9.60768	61.5	0.
-9.57792	61.75	0.
-9.54767	62.	0.
-9.51692	62.25	0.
-9.48568	62.5	0.
-9.45395	62.75	0.
-9.42175	63.	0.
-9.38907	63.25	0.
-9.35593	63.5	0.
-9.32232	63.75	0.
-9.28826	64.	0.
-9.25375	64.25	0.
-9.2188	64.5	0.
-9.18341	64.75	0.
-9.14758	65.	0.
-9.11133	65.25	0.
-9.07466	65.5	0.
-9.03758	65.75	0.
-9.00009	66.	0.
-8.96219	66.25	0.
-8.92389	66.5	0.
-8.88521	66.75	0.
-8.84614	67.	0.
-8.80669	67.25	0.
-8.76686	67.5	0.
-8.72667	67.75	0.
-8.68612	68.	0.
-8.64521	68.25	0.
-8.60394	68.5	0.
-8.56234	68.75	0.
-8.52039	69.	0.
-8.47811	69.25	0.
-8.43551	69.5	0.
-8.39258	69.75	0.
-8.34933	70.	0.
-8.30578	70.25	0.
-8.26192	70.5	0.
-8.21776	70.75	0.
-8.17332	71.	0.
-8.12858	71.25	0.
-8.08356	71.5	0.
-8.03827	71.75	0.
-7.99271	72.	0.
-7.94688	72.25	0.
-7.9008	72.5	0.
-7.85447	72.75	0.
-7.80789	73.	0.
-7.76107	73.25	0.
-7.71401	73.5	0.
-7.66673	73.75	0.
-7.61922	74.	0.
-7.5715	74.25	0.
-7.52356	74.5	0.
-7.47542	74.75	0.
-7.42708	75.	0.
-7.37855	75.25	0.
-7.32983	75.5	0.
-7.28092	75.75	0.
-7.23185	76.	0.
-7.18259	76.25	0.
-7.13318	76.5	0.
-7.08361	76.75	0.
-7.03388	77.	0.
-6.98401	77.25	0.
-6.93399	77.5	0.
-6.88384	77.75	0.
-6.83356	78.	0.
-6.78315	78.25	0.
-6.73263	78.5	0.
-6.68199	78.75	0.
-6.63125	79.	0.
-6.58041	79.25	0.
-6.52947	79.5	0.
-6.47844	79.75	0.
-6.42733	80.	0.
-6.37615	80.25	0.
-6.32489	80.5	0.
-6.27356	80.75	0.
-6.22218	81.	0.
-6.17074	81.25	0.
-6.11925	81.5	0.
-6.06772	81.75	0.
-6.01615	82.	0.
-5.96455	82.25	0.
-5.91293	82.5	0.
-5.86128	82.75	0.
-5.80963	83.	0.
-5.75796	83.25	0.
-5.7063	83.5	0.
-5.65463	83.75	0.
-5.60298	84.	0.
-5.55134	84.25	0.
-5.49973	84.5	0.
-5.44814	84.75	0.
-5.39658	85.	0.
-5.34507	85.25	0.
-5.29359	85.5	0.
-5.24217	85.75	0.
-5.19081	86.	0.
-5.1395	86.25	0.
-5.08826	86.5	0.
-5.0371	86.75	0.
-4.98602	87.	0.
-4.93502	87.25	0.
-4.88411	87.5	0.
-4.8333	87.75	0.
-4.7826	88.	0.
-4.732	88.25	0.
-4.68151	88.5	0.
-4.63115	88.75	0.
-4.58091	89.	0.
-4.5308	89.25	0.
-4.48084	89.5	0.
-4.43101	89.75	0.
-4.38133	90.	0.
-4.33181	90.25	0.
-4.28245	90.5	0.
-4.23326	90.75	0.
-4.18424	91.	0.
-4.13539	91.25	0.
-4.08673	91.5	0.
-4.03826	91.75	0.
-3.98999	92.	0.
-3.94192	92.25	0.
-3.89405	92.5	0.
-3.8464	92.75	0.
-3.79897	93.	0.
-3.75176	93.25	0.
-3.70478	93.5	0.
-3.65804	93.75	0.
-3.61154	94.	0.
-3.56529	94.25	0.
-3.51929	94.5	0.
-3.47356	94.75	0.
-3.42808	95.	0.
-3.38288	95.25	0.
-3.33796	95.5	0.
-3.29332	95.75	0.
-3.24897	96.	0.
-3.20491	96.25	0.
-3.16115	96.5	0.
-3.1177	96.75	0.
-3.07456	97.	0.
-3.03174	97.25	0.
-2.98924	97.5	0.
-2.94707	97.75	0.
-2.90524	98.	0.
-2.86374	98.25	0.
-2.8226	98.5	0.
-2.78181	98.75	0.
-2.74137	99.	0.
-2.7013	99.25	0.
-2.6616	99.5	0.
-2.62228	99.75	0.
-2.58333	100.	0.
-2.54478	100.25	0.
-2.5066	100.5	0.
-2.46881	100.75	0.
-2.43139	101.	0.
-2.39434	101.25	0.
-2.35767	101.5	0.
-2.32135	101.75	0.
-2.2854	102.	0.
-2.2498	102.25	0.
-2.21455	102.5	0.
-2.17965	102.75	0.
-2.1451	103.	0.
-2.11089	103.25	0.
-2.07701	103.5	0.
-2.04346	103.75	0.
-2.01025	104.	0.
-1.97735	104.25	0.
-1.94478	104.5	0.
-1.91253	104.75	0.
-1.88058	105.	0.
-1.84895	105.25	0.
-1.81762	105.5	0.
-1.78659	105.75	0.
-1.75586	106.	0.
-1.72542	106.25	0.
-1.69527	106.5	0.
-1.66541	106.75	0.
-1.63583	107.	0.
-1.60652	107.25	0.
-1.57749	107.5	0.
-1.54873	107.75	0.
-1.52023	108.	0.
-1.49199	108.25	0.
-1.46402	108.5	0.
-1.43629	108.75	0.
-1.40882	109.	0.
-1.38159	109.25	0.
-1.3546	109.5	0.
-1.32785	109.75	0.
-1.30133	110.	0.
-1.27505	110.25	0.
-1.24899	110.5	0.
-1.22315	110.75	0.
-1.19753	111.	0.
-1.17213	111.25	0.
-1.14693	111.5	0.
-1.12194	111.75	0.
-1.09716	112.	0.
-1.07257	112.25	0.
-1.04818	112.5	0.
-1.02397	112.75	0.
-0.999959	113.	0.
-0.976127	113.25	0.
-0.952473	113.5	0.
-0.928993	113.75	0.
-0.905685	114.	0.
-0.882544	114.25	0.
-0.859566	114.5	0.
-0.836747	114.75	0.
-0.814083	115.	0.
-0.791571	115.25	0.
-0.769206	115.5	0.
-0.746984	115.75	0.
-0.724901	116.	0.
-0.702954	116.25	0.
-0.681139	116.5	0.
-0.659451	116.75	0.
-0.637887	117.	0.
-0.616443	117.25	0.
-0.595115	117.5	0.
-0.573898	117.75	0.
-0.552789	118.	0.
-0.531785	118.25	0.
-0.51088	118.5	0.
-0.490072	118.75	0.
-0.469355	119.	0.
-0.448727	119.25	0.
-0.428184	119.5	0.
-0.40772	119.75	0.
-0.387333	120.	0.
-0.367019	120.25	0.
-0.346773	120.5	0.
-0.326592	120.75	0.
-0.306471	121.	0.
-0.286408	121.25	0.
-0.266397	121.5	0.
-0.246434	121.75	0.
-0.226517	122.	0.
-0.206641	122.25	0.
-0.186802	122.5	0.
-0.166996	122.75	0.
-0.147219	123.	0.
-0.127468	123.25	0.
-0.107738	123.5	0.
-8.80247e-002	123.75	0.
-6.83253e-002	124.	0.
-4.86354e-002	124.25	0.
-2.89511e-002	124.5	0.
-9.26836e-003	124.75	0.
1.04167e-002	125.	0.
3.01079e-002	125.25	0.
4.98094e-002	125.5	0.
6.9525e-002	125.75	0.
8.92587e-002	126.	0.
0.109014	126.25	0.
0.128796	126.5	0.
0.148607	126.75	0.
0.168453	127.	0.
0.188336	127.25	0.
0.20826	127.5	0.
0.228231	127.75	0.
0.248251	128.	0.
0.268324	128.25	0.
0.288455	128.5	0.
0.308647	128.75	0.
0.328905	129.	0.
0.349231	129.25	0.
0.369631	129.5	0.
0.390109	129.75	0.
0.410667	130.	0.
0.43131	130.25	0.
0.452042	130.5	0.
0.472867	130.75	0.
0.493789	131.	0.
0.514811	131.25	0.
0.535938	131.5	0.
0.557174	131.75	0.
0.578523	132.	0.
0.599988	132.25	0.
0.621573	132.5	0.
0.643283	132.75	0.
0.665121	133.	0.
0.687091	133.25	0.
0.709197	133.5	0.
0.731444	133.75	0.
0.753835	134.	0.
0.776373	134.25	0.
0.799064	134.5	0.
0.82191	134.75	0.
0.844917	135.	0.
0.868087	135.25	0.
0.891424	135.5	0.
0.914934	135.75	0.
0.938619	136.	0.
0.962483	136.25	0.
0.986531	136.5	0.
1.01077	136.75	0.
1.03519	137.	0.
1.05981	137.25	0.
1.08464	137.5	0.
1.10966	137.75	0.
1.13489	138.	0.
1.16033	138.25	0.
1.18599	138.5	0.
1.21187	138.75	0.
1.23796	139.	0.
1.26429	139.25	0.
1.29085	139.5	0.
1.31764	139.75	0.
1.34467	140.	0.
1.37194	140.25	0.
1.39946	140.5	0.
1.42723	140.75	0.
1.45525	141.	0.
1.48353	141.25	0.
1.51207	141.5	0.
1.54088	141.75	0.
1.56996	142.	0.
1.59932	142.25	0.
1.62895	142.5	0.
1.65886	142.75	0.
1.68906	143.	0.
1.71955	143.25	0.
1.75033	143.5	0.
1.78141	143.75	0.
1.81279	144.	0.
1.84448	144.25	0.
1.87648	144.5	0.
1.90879	144.75	0.
1.94142	145.	0.
1.97437	145.25	0.
2.00764	145.5	0.
2.04124	145.75	0.
2.07518	146.	0.
2.10945	146.25	0.
2.14407	146.5	0.
2.17902	146.75	0.
2.21433	147.	0.
2.24999	147.25	0.
2.28601	147.5	0.
2.32239	147.75	0.
2.35913	148.	0.
2.39624	148.25	0.
2.43372	148.5	0.
2.47158	148.75	0.
2.50982	149.	0.
2.54845	149.25	0.
2.58746	149.5	0.
2.62687	149.75	0.
2.66667	150.	0.
2.70687	150.25	0.
2.74746	150.5	0.
2.78844	150.75	0.
2.8298	151.	0.
2.87154	151.25	0.
2.91365	151.5	0.
2.95612	151.75	0.
2.99895	152.	0.
3.04214	152.25	0.
3.08567	152.5	0.
3.12954	152.75	0.
3.17374	153.	0.
3.21827	153.25	0.
3.26312	153.5	0.
3.30829	153.75	0.
3.35377	154.	0.
3.39955	154.25	0.
3.44563	154.5	0.
3.49201	154.75	0.
3.53867	155.	0.
3.58561	155.25	0.
3.63282	155.5	0.
3.6803	155.75	0.
3.72804	156.	0.
3.77604	156.25	0.
3.82429	156.5	0.
3.87278	156.75	0.
3.92151	157.	0.
3.97048	157.25	0.
4.01967	157.5	0.
4.06908	157.75	0.
4.1187	158.	0.
4.16853	158.25	0.
4.21856	158.5	0.
4.26879	158.75	0.
4.31921	159.	0.
4.36981	159.25	0.
4.42059	159.5	0.
4.47155	159.75	0.
4.52267	160.	0.
4.57395	160.25	0.
4.62538	160.5	0.
4.67696	160.75	0.
4.72868	161.	0.
4.78054	161.25	0.
4.83253	161.5	0.
4.88464	161.75	0.
4.93687	162.	0.
4.98922	162.25	0.
5.04167	162.5	0.
5.09422	162.75	0.
5.14686	163.	0.
5.19959	163.25	0.
5.2524	163.5	0.
5.30529	163.75	0.
5.35825	164.	0.
5.41127	164.25	0.
5.46435	164.5	0.
5.51749	164.75	0.
5.57067	165.	0.
5.62389	165.25	0.
5.67714	165.5	0.
5.73042	165.75	0.
5.78372	166.	0.
5.83704	166.25	0.
5.89037	166.5	0.
5.9437	166.75	0.
5.99703	167.	0.
6.05036	167.25	0.
6.10367	167.5	0.
6.15696	167.75	0.
6.21022	168.	0.
6.26345	168.25	0.
6.31664	168.5	0.
6.36979	168.75	0.
6.42289	169.	0.
6.47593	169.25	0.
6.52891	169.5	0.
6.58183	169.75	0.
6.63467	170.	0.
6.68743	170.25	0.
6.7401	170.5	0.
6.79268	170.75	0.
6.84516	171.	0.
6.89754	171.25	0.
6.94981	171.5	0.
7.00196	171.75	0.
7.05399	172.	0.
7.1059	172.25	0.
7.15767	172.5	0.
7.2093	172.75	0.
7.26078	173.	0.
7.31211	173.25	0.
7.36328	173.5	0.
7.41429	173.75	0.
7.46513	174.	0.
7.51579	174.25	0.
7.56627	174.5	0.
7.61657	174.75	0.
7.66667	175.	0.
7.71657	175.25	0.
7.76626	175.5	0.
7.81574	175.75	0.
7.865	176.	0.
7.91404	176.25	0.
7.96285	176.5	0.
8.01142	176.75	0.
8.05975	177.	0.
8.10784	177.25	0.
8.15567	177.5	0.
8.20324	177.75	0.
8.25054	178.	0.
8.29757	178.25	0.
8.34432	178.5	0.
8.39079	178.75	0.
8.43697	179.	0.
8.48285	179.25	0.
8.52843	179.5	0.
8.57371	179.75	0.
8.61867	180.	0.
8.66331	180.25	0.
8.70762	180.5	0.
8.7516	180.75	0.
8.79524	181.	0.
8.83854	181.25	0.
8.88149	181.5	0.
8.92408	181.75	0.
8.96631	182.	0.
9.00818	182.25	0.
9.04967	182.5	0.
9.09078	182.75	0.
9.1315	183.	0.
9.17183	183.25	0.
9.21176	183.5	0.
9.25129	183.75	0.
9.29041	184.	0.
9.32911	184.25	0.
9.36739	184.5	0.
9.40525	184.75	0.
9.44267	185.	0.
9.47965	185.25	0.
9.51618	185.5	0.
9.55226	185.75	0.
9.58788	186.	0.
9.62304	186.25	0.
9.65773	186.5	0.
9.69194	186.75	0.
9.72567	187.	0.
9.75892	187.25	0.
9.79167	187.5	0.
9.82392	187.75	0.
9.85566	188.	0.
9.88689	188.25	0.
9.9176	188.5	0.
9.94779	188.75	0.
9.97745	189.	0.
10.0066	189.25	0.
10.0352	189.5	0.
10.0632	189.75	0.
10.0907	190.	0.
10.1176	190.25	0.
10.1439	190.5	0.
10.1697	190.75	0.
10.1949	191.	0.
10.2195	191.25	0.
10.2436	191.5	0.
10.267	191.75	0.
10.2898	192.	0.
10.3121	192.25	0.
10.3337	192.5	0.
10.3547	192.75	0.
10.375	193.	0.
10.3947	193.25	0.
10.4138	193.5	0.
10.4323	193.75	0.
10.4501	194.	0.
10.4672	194.25	0.
10.4837	194.5	0.
10.4995	194.75	0.
10.5147	195.	0.
10.5291	195.25	0.
10.5429	195.5	0.
10.556	195.75	0.
10.5684	196.	0.
10.58	196.25	0.
10.591	196.5	0.
10.6013	196.75	0.
10.6108	197.	0.
10.6196	197.25	0.
10.6277	197.5	0.
10.635	197.75	0.
10.6416	198.	0.
10.6474	198.25	0.
10.6525	198.5	0.
10.6568	198.75	0.
10.6603	199.	0.
10.6631	199.25	0.
10.6651	199.5	0.
10.6663	199.75	0.
10.6667	200.	0.
10.6663	200.25	0.
10.6651	200.5	0.
10.6631	200.75	0.
10.6603	201.	0.
10.6567	201.25	0.
10.6524	201.5	0.
10.6473	201.75	0.
10.6414	202.	0.
10.6347	202.25	0.
10.6272	202.5	0.
10.619	202.75	0.
10.6101	203.	0.
10.6003	203.25	0.
10.5898	203.5	0.
10.5786	203.75	0.
10.5666	204.	0.
10.5539	204.25	0.
10.5404	204.5	0.
10.5262	204.75	0.
10.5112	205.	0.
10.4956	205.25	0.
10.4792	205.5	0.
10.462	205.75	0.
10.4442	206.	0.
10.4256	206.25	0.
10.4063	206.5	0.
10.3863	206.75	0.
10.3656	207.	0.
10.3442	207.25	0.
10.3221	207.5	0.
10.2993	207.75	0.
10.2758	208.	0.
10.2517	208.25	0.
10.2268	208.5	0.
10.2012	208.75	0.
10.175	209.	0.
10.1481	209.25	0.
10.1205	209.5	0.
10.0923	209.75	0.
10.0633	210.	0.
10.0338	210.25	0.
10.0035	210.5	0.
9.97262	210.75	0.
9.94107	211.	0.
9.90887	211.25	0.
9.87603	211.5	0.
9.84255	211.75	0.
9.80843	212.	0.
9.77367	212.25	0.
9.73828	212.5	0.
9.70226	212.75	0.
9.66562	213.	0.
9.62836	213.25	0.
9.59048	213.5	0.
9.55199	213.75	0.
9.51288	214.	0.
9.47317	214.25	0.
9.43285	214.5	0.
9.39193	214.75	0.
9.35042	215.	0.
9.30831	215.25	0.
9.26561	215.5	0.
9.22232	215.75	0.
9.17845	216.	0.
9.134	216.25	0.
9.08898	216.5	0.
9.04338	216.75	0.
8.99721	217.	0.
8.95047	217.25	0.
8.90318	217.5	0.
8.85532	217.75	0.
8.80691	218.	0.
8.75794	218.25	0.
8.70843	218.5	0.
8.65837	218.75	0.
8.60776	219.	0.
8.55662	219.25	0.
8.50495	219.5	0.
8.45274	219.75	0.
8.4	220.	0.
8.34674	220.25	0.
8.29295	220.5	0.
8.23865	220.75	0.
8.18384	221.	0.
8.12851	221.25	0.
8.07267	221.5	0.
8.01633	221.75	0.
7.95949	222.	0.
7.90215	222.25	0.
7.84432	222.5	0.
7.786	222.75	0.
7.72719	223.	0.
7.6679	223.25	0.
7.60812	223.5	0.
7.54787	223.75	0.
7.48715	224.	0.
7.42595	224.25	0.
7.36429	224.5	0.
7.30217	224.75	0.
7.23958	225.	0.
7.17654	225.25	0.
7.11305	225.5	0.
7.04911	225.75	0.
6.98472	226.	0.
6.91989	226.25	0.
6.85462	226.5	0.
6.78891	226.75	0.
6.72278	227.	0.
6.65621	227.25	0.
6.58922	227.5	0.
6.52181	227.75	0.
6.45397	228.	0.
6.38573	228.25	0.
6.31707	228.5	0.
6.248	228.75	0.
6.17853	229.	0.
6.10866	229.25	0.
6.03839	229.5	0.
5.96772	229.75	0.
5.89667	230.	0.
5.82522	230.25	0.
5.7534	230.5	0.
5.68119	230.75	0.
5.6086	231.	0.
5.53564	231.25	0.
5.46232	231.5	0.
5.38862	231.75	0.
5.31456	232.	0.
5.24014	232.25	0.
5.16536	232.5	0.
5.09024	232.75	0.
5.01476	233.	0.
4.93893	233.25	0.
4.86276	233.5	0.
4.78626	233.75	0.
4.70941	234.	0.
4.63224	234.25	0.
4.55473	234.5	0.
4.4769	234.75	0.
4.39875	235.	0.
4.32028	235.25	0.
4.24149	235.5	0.
4.16239	235.75	0.
4.08299	236.	0.
4.00327	236.25	0.
3.92326	236.5	0.
3.84295	236.75	0.
3.76234	237.	0.
3.68145	237.25	0.
3.60026	237.5	0.
3.51879	237.75	0.
3.43704	238.	0.
3.35501	238.25	0.
3.27271	238.5	0.
3.19014	238.75	0.
3.1073	239.	0.
3.02419	239.25	0.
2.94083	239.5	0.
2.85721	239.75	0.
2.77333	240.	0.
2.68921	240.25	0.
2.60484	240.5	0.
2.52022	240.75	0.
2.43537	241.	0.
2.35028	241.25	0.
2.26496	241.5	0.
2.1794	241.75	0.
2.09363	242.	0.
2.00763	242.25	0.
1.92141	242.5	0.
1.83497	242.75	0.
1.74832	243.	0.
1.66147	243.25	0.
1.57441	243.5	0.
1.48714	243.75	0.
1.39968	244.	0.
1.31202	244.25	0.
1.22417	244.5	0.
1.13614	244.75	0.
1.04792	245.	0.
0.959514	245.25	0.
0.870934	245.5	0.
0.782179	245.75	0.
0.693253	246.	0.
0.60416	246.25	0.
0.514903	246.5	0.
0.425485	246.75	0.
0.33591	247.	0.
0.246181	247.25	0.
0.156302	247.5	0.
6.62761e-002	247.75	0.
-2.38933e-002	248.	0.
-0.114203	248.25	0.
-0.204649	248.5	0.
-0.295228	248.75	0.
-0.385937	249.	0.
-0.476772	249.25	0.
-0.56773	249.5	0.
-0.658807	249.75	0.
-0.75	250.	0.
-0.841305	250.25	0.
-0.932716	250.5	0.
-1.02422	250.75	0.
-1.11583	251.	0.
-1.20751	251.25	0.
-1.29927	251.5	0.
-1.39111	251.75	0.
-1.48301	252.	0.
-1.57496	252.25	0.
-1.66696	252.501	0.
-1.75901	252.751	0.
-1.85109	253.001	0.
-1.9432	253.251	0.
-2.03534	253.501	0.
-2.12749	253.752	0.
-2.21964	254.002	0.
-2.3118	254.253	0.
-2.40395	254.503	0.
-2.49609	254.754	0.
-2.58821	255.004	0.
-2.6803	255.255	0.
-2.77236	255.506	0.
-2.86437	255.756	0.
-2.95634	256.007	0.
-3.04826	256.258	0.
-3.14011	256.509	0.
-3.2319	256.76	0.
-3.3236	257.011	0.
-3.41523	257.263	0.
-3.50677	257.514	0.
-3.59821	257.766	0.
-3.68954	258.017	0.
-3.78077	258.269	0.
-3.87187	258.52	0.
-3.96286	258.772	0.
-4.05371	259.024	0.
-4.14442	259.276	0.
-4.23499	259.529	0.
-4.32541	259.781	0.
-4.41567	260.033	0.
-4.50576	260.286	0.
-4.59567	260.539	0.
-4.68541	260.791	0.
-4.77496	261.044	0.
-4.86432	261.297	0.
-4.95347	261.551	0.
-5.04242	261.804	0.
-5.13115	262.058	0.
-5.21966	262.311	0.
-5.30794	262.565	0.
-5.39599	262.819	0.
-5.48379	263.073	0.
-5.57134	263.328	0.
-5.65864	263.582	0.
-5.74567	263.837	0.
-5.83243	264.091	0.
-5.91891	264.346	0.
-6.00511	264.602	0.
-6.09102	264.857	0.
-6.17662	265.113	0.
-6.26193	265.368	0.
-6.34692	265.624	0.
-6.43159	265.88	0.
-6.51593	266.137	0.
-6.59994	266.393	0.
-6.68361	266.65	0.
-6.76693	266.907	0.
-6.8499	267.164	0.
-6.93251	267.421	0.
-7.01474	267.679	0.
-7.09661	267.936	0.
-7.17809	268.194	0.
-7.25918	268.453	0.
-7.33987	268.711	0.
-7.42017	268.97	0.
-7.50005	269.229	0.
-7.57951	269.488	0.
-7.65855	269.747	0.
-7.73716	270.007	0.
-7.81533	270.267	0.
-7.89306	270.527	0.
-7.97033	270.787	0.
-8.04715	271.048	0.
-8.1235	271.309	0.
-8.19938	271.57	0.
-8.27477	271.831	0.
-8.34968	272.093	0.
-8.4241	272.355	0.
-8.49801	272.617	0.
-8.57142	272.88	0.
-8.64431	273.142	0.
-8.71669	273.406	0.
-8.78853	273.669	0.
-8.85984	273.933	0.
-8.9306	274.197	0.
-9.00082	274.461	0.
-9.07047	274.725	0.
-9.13957	274.99	0.
-9.20809	275.255	0.
-9.27604	275.521	0.
-9.3434	275.787	0.
-9.41018	276.053	0.
-9.47635	276.319	0.
-9.54192	276.586	0.
-9.60687	276.853	0.
-9.67121	277.12	0.
-9.73492	277.388	0.
-9.798	277.656	0.
-9.86043	277.924	0.
-9.92222	278.193	0.
-9.98336	278.462	0.
-10.0438	278.732	0.
-10.1036	279.002	0.
-10.1628	279.272	0.
-10.2212	279.542	0.
-10.279	279.813	0.
-10.336	280.084	0.
-10.3924	280.356	0.
-10.4481	280.628	0.
-10.503	280.9	0.
-10.5572	281.173	0.
-10.6107	281.446	0.
-10.6634	281.719	0.
-10.7154	281.993	0.
-10.7667	282.267	0.
-10.8172	282.542	0.
-10.8669	282.817	0.
-10.9158	283.092	0.
-10.964	283.368	0.
-11.0114	283.644	0.
-11.058	283.921	0.
-11.1038	284.198	0.
-11.1488	284.475	0.
-11.1929	284.753	0.
-11.2363	285.031	0.
-11.2788	285.31	0.
-11.3205	285.589	0.
-11.3613	285.869	0.
-11.4013	286.149	0.
-11.4405	286.429	0.
-11.4787	286.71	0.
-11.5161	286.991	0.
-11.5527	287.273	0.
-11.5883	287.555	0.
-11.6231	287.838	0.
-11.6569	288.121	0.
-11.6899	288.404	0.
-11.7219	288.688	0.
-11.753	288.973	0.
-11.7832	289.258	0.
-11.8125	289.543	0.
-11.8408	289.829	0.
-11.8682	290.115	0.
-11.8946	290.402	0.
-11.92	290.69	0.
-11.9445	290.977	0.
-11.968	291.266	0.
-11.9906	291.554	0.
-12.0121	291.844	0.
-12.0327	292.133	0.
-12.0522	292.424	0.
-12.0708	292.714	0.
-12.0883	293.006	0.
-12.1048	293.297	0.
-12.1202	293.59	0.
-12.1347	293.882	0.
-12.1481	294.176	0.
-12.1604	294.47	0.
-12.1717	294.764	0.
-12.1819	295.059	0.
-12.191	295.354	0.
-12.1991	295.65	0.
-12.2061	295.947	0.
-12.2119	296.244	0.
-12.2167	296.541	0.
-12.2204	296.839	0.
-12.2229	297.138	0.
-12.2244	297.437	0.
-12.2247	297.737	0.
-12.2239	298.038	0.
-12.2219	298.338	0.
-12.2188	298.64	0.
-12.2145	298.942	0.
-12.2091	299.245	0.
-12.2025	299.548	0.
-12.1947	299.851	0.
-12.1857	300.156	0.
-12.1756	300.461	0.
-12.1642	300.766	0.
-12.1517	301.072	0.
-12.1379	301.379	0.
-12.1229	301.686	0.
-12.1067	301.994	0.
-12.0893	302.303	0.
-12.0706	302.612	0.
-12.0507	302.922	0.
-12.0295	303.232	0.
-12.007	303.543	0.
-11.9833	303.854	0.
-11.9583	304.167	0.
-11.9321	304.479	0.
-11.9045	304.793	0.
-11.8758	305.107	0.
-11.8457	305.422	0.
-11.8145	305.737	0.
-11.782	306.053	0.
-11.7484	306.37	0.
-11.7135	306.688	0.
-11.6775	307.006	0.
-11.6404	307.326	0.
-11.6021	307.645	0.
-11.5626	307.966	0.
-11.5221	308.288	0.
-11.4805	308.61	0.
-11.4377	308.933	0.
-11.394	309.257	0.
-11.3491	309.582	0.
-11.3032	309.908	0.
-11.2563	310.235	0.
-11.2084	310.563	0.
-11.1594	310.891	0.
-11.1095	311.221	0.
-11.0586	311.551	0.
-11.0068	311.883	0.
-10.954	312.215	0.
-10.9003	312.549	0.
-10.8457	312.883	0.
-10.7901	313.219	0.
-10.7337	313.555	0.
-10.6764	313.893	0.
-10.6183	314.232	0.
-10.5593	314.572	0.
-10.4995	314.913	0.
-10.4388	315.255	0.
-10.3774	315.599	0.
-10.3152	315.943	0.
-10.2522	316.289	0.
-10.1884	316.636	0.
-10.1239	316.984	0.
-10.0587	317.333	0.
-9.99271	317.684	0.
-9.92605	318.036	0.
-9.8587	318.389	0.
-9.79068	318.744	0.
-9.72199	319.099	0.
-9.65266	319.456	0.
-9.58269	319.815	0.
-9.51211	320.175	0.
-9.44092	320.536	0.
-9.36914	320.898	0.
-9.29678	321.262	0.
-9.22387	321.628	0.
-9.1504	321.995	0.
-9.0764	322.363	0.
-9.00188	322.733	0.
-8.92685	323.104	0.
-8.85133	323.477	0.
-8.77533	323.851	0.
-8.69887	324.227	0.
-8.62196	324.604	0.
-8.54461	324.983	0.
-8.46684	325.364	0.
-8.38867	325.746	0.
-8.3101	326.129	0.
-8.23115	326.515	0.
-8.15184	326.902	0.
-8.07217	327.29	0.
-7.99217	327.681	0.
-7.91185	328.072	0.
-7.83121	328.466	0.
-7.75029	328.862	0.
-7.66908	329.259	0.
-7.5876	329.658	0.
-7.50587	330.058	0.
-7.42391	330.461	0.
-7.34172	330.865	0.
-7.25932	331.271	0.
-7.17672	331.679	0.
-7.09395	332.088	0.
-7.011	332.5	0.
-6.9279	332.913	0.
-6.84466	333.329	0.
-6.7613	333.746	0.
-6.67782	334.165	0.
-6.59425	334.586	0.
-6.51059	335.009	0.
-6.42686	335.434	0.
-6.34308	335.861	0.
-6.25926	336.29	0.
-6.17541	336.721	0.
-6.09155	337.154	0.
-6.00769	337.59	0.
-5.92384	338.027	0.
-5.84003	338.466	0.
-5.75626	338.907	0.
-5.67254	339.351	0.
-5.5889	339.796	0.
-5.50534	340.244	0.
-5.42188	340.694	0.
-5.33854	341.146	0.
-5.25533	341.6	0.
-5.17225	342.056	0.
-5.08934	342.515	0.
-5.00659	342.976	0.
-4.92403	343.439	0.
-4.84167	343.905	0.
-4.75952	344.372	0.
-4.67759	344.842	0.
-4.59591	345.314	0.
-4.51448	345.789	0.
-4.43333	346.266	0.
-4.35245	346.745	0.
-4.27187	347.227	0.
-4.19161	347.711	0.
-4.11166	348.198	0.
-4.03206	348.687	0.
-3.95281	349.178	0.
-3.87393	349.672	0.
-3.79544	350.168	0.
-3.71733	350.667	0.
-3.63964	351.168	0.
-3.56237	351.672	0.
-3.48554	352.178	0.
-3.40916	352.687	0.
-3.33325	353.198	0.
-3.25782	353.712	0.
-3.18288	354.229	0.
-3.10846	354.748	0.
-3.03455	355.27	0.
-2.96118	355.794	0.
-2.88836	356.321	0.
-2.81611	356.851	0.
-2.74444	357.384	0.
-2.67336	357.919	0.
-2.60289	358.457	0.
-2.53303	358.997	0.
-2.46382	359.541	0.
-2.39525	360.087	0.
-2.32735	360.636	0.
-2.26012	361.188	0.
-2.19359	361.742	0.
-2.12776	362.299	0.
-2.06266	362.86	0.
-1.99829	363.423	0.
-1.93466	363.989	0.
-1.8718	364.557	0.
-1.80971	365.129	0.
-1.74842	365.704	0.
-1.68793	366.281	0.
-1.62826	366.862	0.
-1.56942	367.445	0.
-1.51142	368.032	0.
-1.45429	368.622	0.
-1.39804	369.214	0.
-1.34267	369.81	0.
-1.28821	370.408	0.
-1.23466	371.01	0.
-1.18205	371.615	0.
-1.13038	372.222	0.
-1.07967	372.833	0.
-1.02993	373.447	0.
-0.981183	374.065	0.
-0.933437	374.685	0.
-0.886707	375.309	0.
-0.841007	375.935	0.
-0.796352	376.565	0.
-0.752754	377.198	0.
-0.710229	377.835	0.
-0.668791	378.474	0.
-0.628453	379.117	0.
-0.58923	379.763	0.
-0.551136	380.413	0.
-0.514184	381.066	0.
-0.47839	381.722	0.
-0.443766	382.381	0.
-0.410328	383.044	0.
-0.378089	383.71	0.
-0.347063	384.38	0.
-0.317265	385.053	0.
-0.288708	385.729	0.
-0.261407	386.409	0.
-0.235376	387.092	0.
-0.210628	387.779	0.
-0.187179	388.469	0.
-0.165041	389.163	0.
-0.144229	389.86	0.
-0.124758	390.561	0.
-0.106641	391.266	0.
-8.98923e-002	391.973	0.
-7.4526e-002	392.685	0.
-6.05564e-002	393.4	0.
-4.79973e-002	394.119	0.
-3.68631e-002	394.841	0.
-2.71676e-002	395.567	0.
-1.89251e-002	396.297	0.
-1.21497e-002	397.03	0.
-6.85533e-003	397.767	0.
-3.05621e-003	398.507	0.
-7.66401e-004	399.252	0.
0.	400.	0.

