EndlessNurbs
ctrlpoints
0	-833.278	0
11.429	-757.212	0
-1.039	-656.211	0
-1.039	-568.716	0
6.234	-486.416	0
0	-393.726	0
0	-306.232	0
-6.234	-221.854	0
0	-134.359	0
6.234	-43.7474	0
0	40.6304	0
0	131.242	0
-6.234	215.62	0
0	306.232	0
6.234	390.609	0
0	481.221	0
-6.234	565.599	0
0	656.211	0
10.39	741.627	0
0	831.2	0
knots
0
0
0
0
1
2
3
4
5
6
7
8
9
10
11
12
13
14
15
16
17
17
17
17
#Curvature
#9917.31
#9827.13
#9800.25
#9800.25
#9755.21
#9714.67
#9646.76
#9613.37
#9613.37
#9540.59
#Length
#1666.79
#Scale
#200
