0.	-400.	0.
0.483851	-399.252	0.
0.960432	-398.507	0.
1.42979	-397.767	0.
1.89195	-397.03	0.
2.34698	-396.297	0.
2.79491	-395.567	0.
3.23578	-394.841	0.
3.66964	-394.119	0.
4.09653	-393.4	0.
4.51648	-392.685	0.
4.92956	-391.973	0.
5.33578	-391.266	0.
5.73521	-390.561	0.
6.12788	-389.86	0.
6.51384	-389.163	0.
6.89312	-388.469	0.
7.26577	-387.779	0.
7.63184	-387.092	0.
7.99136	-386.409	0.
8.34437	-385.729	0.
8.69093	-385.053	0.
9.03108	-384.38	0.
9.36484	-383.71	0.
9.69228	-383.044	0.
10.0134	-382.381	0.
10.3283	-381.722	0.
10.637	-381.066	0.
10.9396	-380.413	0.
11.236	-379.763	0.
11.5263	-379.117	0.
11.8106	-378.474	0.
12.089	-377.835	0.
12.3613	-377.198	0.
12.6278	-376.565	0.
12.8884	-375.935	0.
13.1432	-375.308	0.
13.3922	-374.685	0.
13.6355	-374.065	0.
13.8731	-373.447	0.
14.105	-372.833	0.
14.3313	-372.222	0.
14.5521	-371.615	0.
14.7673	-371.01	0.
14.9771	-370.408	0.
15.1814	-369.81	0.
15.3804	-369.214	0.
15.574	-368.622	0.
15.7622	-368.032	0.
15.9453	-367.445	0.
16.123	-366.862	0.
16.2957	-366.281	0.
16.4631	-365.704	0.
16.6255	-365.129	0.
16.7828	-364.557	0.
16.9352	-363.989	0.
17.0825	-363.423	0.
17.2249	-362.86	0.
17.3625	-362.299	0.
17.4952	-361.742	0.
17.6231	-361.188	0.
17.7463	-360.636	0.
17.8647	-360.087	0.
17.9785	-359.541	0.
18.0877	-358.997	0.
18.1923	-358.457	0.
18.2923	-357.919	0.
18.3878	-357.384	0.
18.4789	-356.851	0.
18.5656	-356.321	0.
18.6479	-355.794	0.
18.7259	-355.27	0.
18.7996	-354.748	0.
18.869	-354.229	0.
18.9343	-353.712	0.
18.9954	-353.198	0.
19.0523	-352.687	0.
19.1053	-352.178	0.
19.1541	-351.672	0.
19.199	-351.168	0.
19.24	-350.667	0.
19.2771	-350.168	0.
19.3103	-349.672	0.
19.3396	-349.178	0.
19.3653	-348.686	0.
19.3871	-348.198	0.
19.4053	-347.711	0.
19.4199	-347.227	0.
19.4308	-346.745	0.
19.4382	-346.266	0.
19.4421	-345.789	0.
19.4425	-345.314	0.
19.4395	-344.842	0.
19.4331	-344.372	0.
19.4233	-343.905	0.
19.4102	-343.439	0.
19.3939	-342.976	0.
19.3744	-342.515	0.
19.3517	-342.056	0.
19.3258	-341.6	0.
19.2969	-341.146	0.
19.2649	-340.694	0.
19.2299	-340.244	0.
19.1919	-339.796	0.
19.1511	-339.351	0.
19.1073	-338.907	0.
19.0608	-338.466	0.
19.0114	-338.027	0.
18.9593	-337.589	0.
18.9044	-337.154	0.
18.847	-336.721	0.
18.7868	-336.29	0.
18.7242	-335.861	0.
18.6589	-335.434	0.
18.5912	-335.009	0.
18.5211	-334.586	0.
18.4485	-334.165	0.
18.3736	-333.746	0.
18.2963	-333.329	0.
18.2168	-332.913	0.
18.135	-332.5	0.
18.051	-332.088	0.
17.9649	-331.679	0.
17.8767	-331.271	0.
17.7864	-330.865	0.
17.6941	-330.461	0.
17.5998	-330.058	0.
17.5036	-329.658	0.
17.4054	-329.259	0.
17.3055	-328.862	0.
17.2037	-328.466	0.
17.1001	-328.072	0.
16.9948	-327.68	0.
16.8879	-327.29	0.
16.7793	-326.902	0.
16.6691	-326.515	0.
16.5573	-326.129	0.
16.4441	-325.746	0.
16.3293	-325.364	0.
16.2132	-324.983	0.
16.0956	-324.604	0.
15.9767	-324.227	0.
15.8566	-323.851	0.
15.7351	-323.477	0.
15.6125	-323.104	0.
15.4887	-322.733	0.
15.3637	-322.363	0.
15.2377	-321.995	0.
15.1106	-321.628	0.
14.9825	-321.262	0.
14.8535	-320.898	0.
14.7236	-320.536	0.
14.5928	-320.175	0.
14.4611	-319.815	0.
14.3287	-319.456	0.
14.1955	-319.099	0.
14.0616	-318.743	0.
13.9271	-318.389	0.
13.792	-318.036	0.
13.6562	-317.684	0.
13.52	-317.333	0.
13.3833	-316.984	0.
13.2461	-316.636	0.
13.1085	-316.289	0.
12.9706	-315.943	0.
12.8323	-315.599	0.
12.6938	-315.255	0.
12.555	-314.913	0.
12.416	-314.572	0.
12.2769	-314.232	0.
12.1377	-313.893	0.
11.9985	-313.555	0.
11.8592	-313.219	0.
11.7199	-312.883	0.
11.5807	-312.549	0.
11.4417	-312.215	0.
11.3027	-311.883	0.
11.164	-311.551	0.
11.0255	-311.221	0.
10.8873	-310.891	0.
10.7494	-310.562	0.
10.6118	-310.235	0.
10.4747	-309.908	0.
10.3381	-309.582	0.
10.2019	-309.257	0.
10.0662	-308.933	0.
9.93118	-308.61	0.
9.79674	-308.288	0.
9.66296	-307.966	0.
9.5299	-307.645	0.
9.39758	-307.326	0.
9.26605	-307.006	0.
9.13536	-306.688	0.
9.00555	-306.37	0.
8.87665	-306.053	0.
8.74872	-305.737	0.
8.62179	-305.422	0.
8.49592	-305.107	0.
8.37113	-304.793	0.
8.24748	-304.479	0.
8.125	-304.167	0.
8.00373	-303.854	0.
7.88368	-303.543	0.
7.76483	-303.232	0.
7.64718	-302.922	0.
7.53073	-302.612	0.
7.41547	-302.303	0.
7.30139	-301.994	0.
7.18848	-301.686	0.
7.07674	-301.379	0.
6.96617	-301.072	0.
6.85676	-300.766	0.
6.74849	-300.461	0.
6.64138	-300.156	0.
6.5354	-299.851	0.
6.43056	-299.548	0.
6.32684	-299.245	0.
6.22424	-298.942	0.
6.12276	-298.64	0.
6.02239	-298.338	0.
5.92312	-298.038	0.
5.82495	-297.737	0.
5.72787	-297.437	0.
5.63188	-297.138	0.
5.53696	-296.839	0.
5.44312	-296.541	0.
5.35034	-296.244	0.
5.25862	-295.947	0.
5.16795	-295.65	0.
5.07834	-295.354	0.
4.98977	-295.059	0.
4.90223	-294.764	0.
4.81572	-294.47	0.
4.73024	-294.176	0.
4.64577	-293.882	0.
4.56231	-293.59	0.
4.47986	-293.297	0.
4.39841	-293.006	0.
4.31796	-292.714	0.
4.23849	-292.424	0.
4.16	-292.133	0.
4.08249	-291.844	0.
4.00594	-291.554	0.
3.93036	-291.266	0.
3.85573	-290.977	0.
3.78206	-290.69	0.
3.70933	-290.402	0.
3.63754	-290.115	0.
3.56668	-289.829	0.
3.49675	-289.543	0.
3.42773	-289.258	0.
3.35964	-288.973	0.
3.29244	-288.688	0.
3.22616	-288.404	0.
3.16076	-288.121	0.
3.09626	-287.838	0.
3.03264	-287.555	0.
2.9699	-287.273	0.
2.90803	-286.991	0.
2.84702	-286.71	0.
2.78687	-286.429	0.
2.72758	-286.149	0.
2.66914	-285.869	0.
2.61153	-285.589	0.
2.55476	-285.31	0.
2.49882	-285.031	0.
2.4437	-284.753	0.
2.3894	-284.475	0.
2.3359	-284.198	0.
2.28322	-283.921	0.
2.23133	-283.644	0.
2.18023	-283.368	0.
2.12992	-283.092	0.
2.08039	-282.817	0.
2.03163	-282.542	0.
1.98364	-282.267	0.
1.93641	-281.993	0.
1.88994	-281.719	0.
1.84422	-281.446	0.
1.79924	-281.173	0.
1.755	-280.9	0.
1.71149	-280.628	0.
1.6687	-280.356	0.
1.62664	-280.084	0.
1.58528	-279.813	0.
1.54464	-279.542	0.
1.50469	-279.272	0.
1.46544	-279.002	0.
1.42688	-278.732	0.
1.389	-278.462	0.
1.3518	-278.193	0.
1.31526	-277.924	0.
1.27939	-277.656	0.
1.24418	-277.388	0.
1.20963	-277.12	0.
1.17571	-276.853	0.
1.14244	-276.586	0.
1.1098	-276.319	0.
1.07779	-276.053	0.
1.0464	-275.787	0.
1.01562	-275.521	0.
0.98546	-275.255	0.
0.955898	-274.99	0.
0.926933	-274.725	0.
0.89856	-274.461	0.
0.870771	-274.197	0.
0.843562	-273.933	0.
0.816925	-273.669	0.
0.790855	-273.406	0.
0.765346	-273.142	0.
0.740391	-272.88	0.
0.715984	-272.617	0.
0.69212	-272.355	0.
0.668792	-272.093	0.
0.645994	-271.831	0.
0.623721	-271.57	0.
0.601965	-271.309	0.
0.580721	-271.048	0.
0.559983	-270.787	0.
0.539745	-270.527	0.
0.52	-270.267	0.
0.500743	-270.007	0.
0.481967	-269.747	0.
0.463666	-269.488	0.
0.445835	-269.229	0.
0.428467	-268.97	0.
0.411556	-268.711	0.
0.395095	-268.453	0.
0.37908	-268.194	0.
0.363503	-267.936	0.
0.348359	-267.679	0.
0.333642	-267.421	0.
0.319345	-267.164	0.
0.305462	-266.907	0.
0.291988	-266.65	0.
0.278916	-266.393	0.
0.26624	-266.137	0.
0.253954	-265.88	0.
0.242052	-265.624	0.
0.230528	-265.368	0.
0.219375	-265.113	0.
0.208588	-264.857	0.
0.198161	-264.602	0.
0.188087	-264.346	0.
0.17836	-264.091	0.
0.168975	-263.837	0.
0.159924	-263.582	0.
0.151203	-263.328	0.
0.142805	-263.073	0.
0.134724	-262.819	0.
0.126953	-262.565	0.
0.119487	-262.311	0.
0.11232	-262.058	0.
0.105445	-261.804	0.
9.88569e-002	-261.551	0.
9.25488e-002	-261.297	0.
8.6515e-002	-261.044	0.
8.07493e-002	-260.791	0.
7.52456e-002	-260.539	0.
6.99979e-002	-260.286	0.
6.5e-002	-260.033	0.
6.02459e-002	-259.781	0.
5.57294e-002	-259.529	0.
5.14445e-002	-259.276	0.
4.7385e-002	-259.024	0.
4.35449e-002	-258.772	0.
3.99181e-002	-258.52	0.
3.64985e-002	-258.269	0.
3.328e-002	-258.017	0.
3.02565e-002	-257.766	0.
2.74219e-002	-257.514	0.
2.47701e-002	-257.263	0.
2.2295e-002	-257.011	0.
1.99905e-002	-256.76	0.
1.78506e-002	-256.509	0.
1.58691e-002	-256.258	0.
1.404e-002	-256.007	0.
1.23571e-002	-255.756	0.
1.08144e-002	-255.506	0.
9.4057e-003	-255.255	0.
8.125e-003	-255.004	0.
6.96617e-003	-254.754	0.
5.92312e-003	-254.503	0.
4.98977e-003	-254.253	0.
4.16e-003	-254.002	0.
3.42773e-003	-253.752	0.
2.78687e-003	-253.501	0.
2.23133e-003	-253.251	0.
1.755e-003	-253.001	0.
1.3518e-003	-252.751	0.
1.01562e-003	-252.501	0.
7.40391e-004	-252.25	0.
5.2e-004	-252.	0.
3.48359e-004	-251.75	0.
2.19375e-004	-251.5	0.
1.26953e-004	-251.25	0.
6.5e-005	-251.	0.
2.74219e-005	-250.75	0.
8.125e-006	-250.5	0.
1.01562e-006	-250.25	0.
7.86969e-041	-250.	0.
0.	-250.	0.
-3.95833e-007	-249.75	0.
-3.16667e-006	-249.5	0.
-1.06875e-005	-249.25	0.
-2.53333e-005	-249.	0.
-4.94792e-005	-248.75	0.
-8.55e-005	-248.5	0.
-1.35771e-004	-248.25	0.
-2.02667e-004	-248.	0.
-2.88562e-004	-247.75	0.
-3.95833e-004	-247.5	0.
-5.26854e-004	-247.25	0.
-6.84e-004	-247.	0.
-8.69646e-004	-246.75	0.
-1.08617e-003	-246.5	0.
-1.33594e-003	-246.25	0.
-1.62133e-003	-246.	0.
-1.94473e-003	-245.75	0.
-2.3085e-003	-245.5	0.
-2.71502e-003	-245.25	0.
-3.16667e-003	-245.	0.
-3.66581e-003	-244.75	0.
-4.21483e-003	-244.5	0.
-4.8161e-003	-244.25	0.
-5.472e-003	-244.	0.
-6.1849e-003	-243.75	0.
-6.95717e-003	-243.5	0.
-7.79119e-003	-243.25	0.
-8.68933e-003	-243.	0.
-9.65398e-003	-242.75	0.
-1.06875e-002	-242.5	0.
-1.17923e-002	-242.25	0.
-1.29707e-002	-242.	0.
-1.42251e-002	-241.75	0.
-1.55578e-002	-241.5	0.
-1.69714e-002	-241.25	0.
-1.8468e-002	-241.	0.
-2.00501e-002	-240.75	0.
-2.17202e-002	-240.5	0.
-2.34804e-002	-240.25	0.
-2.53333e-002	-240.	0.
-2.72812e-002	-239.75	0.
-2.93265e-002	-239.5	0.
-3.14715e-002	-239.25	0.
-3.37187e-002	-239.	0.
-3.60703e-002	-238.75	0.
-3.85288e-002	-238.5	0.
-4.10966e-002	-238.25	0.
-4.3776e-002	-238.	0.
-4.65694e-002	-237.75	0.
-4.94792e-002	-237.5	0.
-5.25077e-002	-237.25	0.
-5.56573e-002	-237.	0.
-5.89305e-002	-236.75	0.
-6.23295e-002	-236.5	0.
-6.58568e-002	-236.25	0.
-6.95147e-002	-236.	0.
-7.33056e-002	-235.75	0.
-7.72318e-002	-235.5	0.
-8.12959e-002	-235.25	0.
-8.55e-002	-235.	0.
-8.98466e-002	-234.75	0.
-9.43382e-002	-234.5	0.
-9.89769e-002	-234.25	0.
-0.103765	-234.	0.
-0.108706	-233.75	0.
-0.1138	-233.5	0.
-0.119052	-233.25	0.
-0.124463	-233.	0.
-0.130035	-232.75	0.
-0.135771	-232.5	0.
-0.141673	-232.25	0.
-0.147744	-232.	0.
-0.153986	-231.75	0.
-0.160401	-231.5	0.
-0.166992	-231.25	0.
-0.173761	-231.	0.
-0.180711	-230.75	0.
-0.187843	-230.5	0.
-0.195161	-230.25	0.
-0.202667	-230.	0.
-0.210362	-229.75	0.
-0.21825	-229.5	0.
-0.226332	-229.25	0.
-0.234612	-229.	0.
-0.243091	-228.75	0.
-0.251772	-228.5	0.
-0.260657	-228.25	0.
-0.269749	-228.	0.
-0.27905	-227.75	0.
-0.288562	-227.5	0.
-0.298289	-227.25	0.
-0.308231	-227.	0.
-0.318391	-226.75	0.
-0.328773	-226.5	0.
-0.339378	-226.25	0.
-0.350208	-226.	0.
-0.361266	-225.75	0.
-0.372555	-225.5	0.
-0.384077	-225.25	0.
-0.395833	-225.	0.
-0.407827	-224.75	0.
-0.420061	-224.5	0.
-0.432538	-224.25	0.
-0.445259	-224.	0.
-0.458227	-223.75	0.
-0.471444	-223.5	0.
-0.484913	-223.25	0.
-0.498636	-223.	0.
-0.512616	-222.75	0.
-0.526854	-222.5	0.
-0.541354	-222.25	0.
-0.556117	-222.	0.
-0.571147	-221.75	0.
-0.586444	-221.5	0.
-0.602013	-221.25	0.
-0.617855	-221.	0.
-0.633972	-220.75	0.
-0.650367	-220.5	0.
-0.667042	-220.25	0.
-0.684	-220.	0.
-0.701243	-219.75	0.
-0.718773	-219.5	0.
-0.736593	-219.25	0.
-0.754705	-219.	0.
-0.773112	-218.75	0.
-0.791815	-218.5	0.
-0.810818	-218.25	0.
-0.830123	-218.	0.
-0.849731	-217.75	0.
-0.869646	-217.5	0.
-0.889869	-217.25	0.
-0.910404	-217.	0.
-0.931252	-216.75	0.
-0.952416	-216.5	0.
-0.973898	-216.25	0.
-0.995701	-216.	0.
-1.01783	-215.75	0.
-1.04028	-215.5	0.
-1.06306	-215.25	0.
-1.08617	-215.	0.
-1.10961	-214.75	0.
-1.13338	-214.5	0.
-1.1575	-214.25	0.
-1.18195	-214.	0.
-1.20675	-213.75	0.
-1.23189	-213.5	0.
-1.25737	-213.25	0.
-1.28321	-213.	0.
-1.3094	-212.75	0.
-1.33594	-212.5	0.
-1.36283	-212.25	0.
-1.39009	-212.	0.
-1.41771	-211.75	0.
-1.44569	-211.5	0.
-1.47403	-211.25	0.
-1.50275	-211.	0.
-1.53183	-210.75	0.
-1.56129	-210.5	0.
-1.59112	-210.25	0.
-1.62133	-210.	0.
-1.65192	-209.75	0.
-1.6829	-209.5	0.
-1.71425	-209.25	0.
-1.746	-209.	0.
-1.77813	-208.75	0.
-1.81066	-208.5	0.
-1.84358	-208.25	0.
-1.8769	-208.	0.
-1.91061	-207.75	0.
-1.94473	-207.5	0.
-1.97925	-207.25	0.
-2.01418	-207.	0.
-2.04951	-206.75	0.
-2.08526	-206.5	0.
-2.12142	-206.25	0.
-2.15799	-206.	0.
-2.19499	-205.75	0.
-2.2324	-205.5	0.
-2.27024	-205.25	0.
-2.3085	-205.	0.
-2.34719	-204.75	0.
-2.38631	-204.5	0.
-2.42586	-204.25	0.
-2.46585	-204.	0.
-2.50627	-203.75	0.
-2.54713	-203.5	0.
-2.58843	-203.25	0.
-2.63018	-203.	0.
-2.67238	-202.75	0.
-2.71502	-202.5	0.
-2.75812	-202.25	0.
-2.80166	-202.	0.
-2.84567	-201.75	0.
-2.89013	-201.5	0.
-2.93505	-201.25	0.
-2.98044	-201.	0.
-3.02629	-200.75	0.
-3.07261	-200.5	0.
-3.1194	-200.25	0.
-3.16667	-200.	0.
-3.16667	-200.	0.
-3.2144	-199.75	0.
-3.26261	-199.5	0.
-3.31127	-199.25	0.
-3.36039	-199.	0.
-3.40996	-198.75	0.
-3.45996	-198.5	0.
-3.5104	-198.25	0.
-3.56126	-198.	0.
-3.61254	-197.75	0.
-3.66423	-197.5	0.
-3.71632	-197.25	0.
-3.76881	-197.	0.
-3.8217	-196.75	0.
-3.87496	-196.5	0.
-3.9286	-196.25	0.
-3.9826	-196.	0.
-4.03697	-195.75	0.
-4.09169	-195.5	0.
-4.14676	-195.25	0.
-4.20217	-195.	0.
-4.25791	-194.75	0.
-4.31397	-194.5	0.
-4.37036	-194.25	0.
-4.42705	-194.	0.
-4.48405	-193.75	0.
-4.54135	-193.5	0.
-4.59893	-193.25	0.
-4.6568	-193.	0.
-4.71494	-192.75	0.
-4.77335	-192.5	0.
-4.83203	-192.25	0.
-4.89095	-192.	0.
-4.95013	-191.75	0.
-5.00954	-191.5	0.
-5.06919	-191.25	0.
-5.12906	-191.	0.
-5.18915	-190.75	0.
-5.24946	-190.5	0.
-5.30996	-190.25	0.
-5.37067	-190.	0.
-5.43156	-189.75	0.
-5.49264	-189.5	0.
-5.55389	-189.25	0.
-5.61531	-189.	0.
-5.67689	-188.75	0.
-5.73863	-188.5	0.
-5.80051	-188.25	0.
-5.86254	-188.	0.
-5.9247	-187.75	0.
-5.98698	-187.5	0.
-6.04938	-187.25	0.
-6.11189	-187.	0.
-6.17451	-186.75	0.
-6.23723	-186.5	0.
-6.30003	-186.25	0.
-6.36292	-186.	0.
-6.42589	-185.75	0.
-6.48892	-185.5	0.
-6.55202	-185.25	0.
-6.61517	-185.	0.
-6.67836	-184.75	0.
-6.7416	-184.5	0.
-6.80487	-184.25	0.
-6.86817	-184.	0.
-6.93149	-183.75	0.
-6.99482	-183.5	0.
-7.05815	-183.25	0.
-7.12148	-183.	0.
-7.1848	-182.75	0.
-7.2481	-182.5	0.
-7.31138	-182.25	0.
-7.37463	-182.	0.
-7.43785	-181.75	0.
-7.50101	-181.5	0.
-7.56413	-181.25	0.
-7.62718	-181.	0.
-7.69017	-180.75	0.
-7.75309	-180.5	0.
-7.81592	-180.25	0.
-7.87867	-180.	0.
-7.94132	-179.75	0.
-8.00387	-179.5	0.
-8.06631	-179.25	0.
-8.12863	-179.	0.
-8.19083	-178.75	0.
-8.2529	-178.5	0.
-8.31483	-178.25	0.
-8.37662	-178.	0.
-8.43825	-177.75	0.
-8.49973	-177.5	0.
-8.56104	-177.25	0.
-8.62217	-177.	0.
-8.68313	-176.75	0.
-8.7439	-176.5	0.
-8.80447	-176.25	0.
-8.86484	-176.	0.
-8.925	-175.75	0.
-8.98495	-175.5	0.
-9.04467	-175.25	0.
-9.10417	-175.	0.
-9.16342	-174.75	0.
-9.22243	-174.5	0.
-9.28119	-174.25	0.
-9.33969	-174.	0.
-9.39792	-173.75	0.
-9.45588	-173.5	0.
-9.51357	-173.25	0.
-9.57096	-173.	0.
-9.62806	-172.75	0.
-9.68485	-172.5	0.
-9.74134	-172.25	0.
-9.79751	-172.	0.
-9.85336	-171.75	0.
-9.90888	-171.5	0.
-9.96406	-171.25	0.
-10.0189	-171.	0.
-10.0734	-170.75	0.
-10.1275	-170.5	0.
-10.1813	-170.25	0.
-10.2347	-170.	0.
-10.2877	-169.75	0.
-10.3403	-169.5	0.
-10.3925	-169.25	0.
-10.4444	-169.	0.
-10.4958	-168.75	0.
-10.5468	-168.5	0.
-10.5973	-168.25	0.
-10.6475	-168.	0.
-10.6972	-167.75	0.
-10.7465	-167.5	0.
-10.7953	-167.25	0.
-10.8437	-167.	0.
-10.8915	-166.75	0.
-10.939	-166.5	0.
-10.9859	-166.25	0.
-11.0324	-166.	0.
-11.0783	-165.75	0.
-11.1238	-165.5	0.
-11.1687	-165.25	0.
-11.2132	-165.	0.
-11.2571	-164.75	0.
-11.3005	-164.5	0.
-11.3433	-164.25	0.
-11.3856	-164.	0.
-11.4274	-163.75	0.
-11.4686	-163.5	0.
-11.5092	-163.25	0.
-11.5492	-163.	0.
-11.5887	-162.75	0.
-11.6276	-162.5	0.
-11.6659	-162.25	0.
-11.7036	-162.	0.
-11.7407	-161.75	0.
-11.7772	-161.5	0.
-11.813	-161.25	0.
-11.8482	-161.	0.
-11.8828	-160.75	0.
-11.9167	-160.5	0.
-11.95	-160.25	0.
-11.9827	-160.	0.
-12.0146	-159.75	0.
-12.0459	-159.5	0.
-12.0765	-159.25	0.
-12.1065	-159.	0.
-12.1357	-158.75	0.
-12.1642	-158.5	0.
-12.1921	-158.25	0.
-12.2192	-158.	0.
-12.2456	-157.75	0.
-12.2712	-157.5	0.
-12.2962	-157.25	0.
-12.3203	-157.	0.
-12.3438	-156.75	0.
-12.3664	-156.5	0.
-12.3883	-156.25	0.
-12.4095	-156.	0.
-12.4298	-155.75	0.
-12.4494	-155.5	0.
-12.4682	-155.25	0.
-12.4862	-155.	0.
-12.5033	-154.75	0.
-12.5197	-154.5	0.
-12.5352	-154.25	0.
-12.5499	-154.	0.
-12.5638	-153.75	0.
-12.5768	-153.5	0.
-12.589	-153.25	0.
-12.6003	-153.	0.
-12.6108	-152.75	0.
-12.6204	-152.5	0.
-12.6291	-152.25	0.
-12.6369	-152.	0.
-12.6438	-151.75	0.
-12.6498	-151.5	0.
-12.6549	-151.25	0.
-12.6591	-151.	0.
-12.6624	-150.75	0.
-12.6648	-150.5	0.
-12.6662	-150.25	0.
-12.6667	-150.	0.
-12.6667	-150.	0.
-12.6662	-149.75	0.
-12.6648	-149.5	0.
-12.6624	-149.25	0.
-12.6591	-149.	0.
-12.6549	-148.75	0.
-12.6497	-148.5	0.
-12.6437	-148.25	0.
-12.6367	-148.	0.
-12.6288	-147.75	0.
-12.6199	-147.5	0.
-12.6102	-147.25	0.
-12.5996	-147.	0.
-12.5881	-146.75	0.
-12.5757	-146.5	0.
-12.5624	-146.25	0.
-12.5482	-146.	0.
-12.5332	-145.75	0.
-12.5173	-145.5	0.
-12.5005	-145.25	0.
-12.4828	-145.	0.
-12.4643	-144.75	0.
-12.445	-144.5	0.
-12.4248	-144.25	0.
-12.4037	-144.	0.
-12.3818	-143.75	0.
-12.3591	-143.5	0.
-12.3356	-143.25	0.
-12.3112	-143.	0.
-12.286	-142.75	0.
-12.26	-142.5	0.
-12.2332	-142.25	0.
-12.2055	-142.	0.
-12.1771	-141.75	0.
-12.1479	-141.5	0.
-12.1178	-141.25	0.
-12.087	-141.	0.
-12.0554	-140.75	0.
-12.0231	-140.5	0.
-11.9899	-140.25	0.
-11.956	-140.	0.
-11.9213	-139.75	0.
-11.8859	-139.5	0.
-11.8497	-139.25	0.
-11.8127	-139.	0.
-11.775	-138.75	0.
-11.7366	-138.5	0.
-11.6974	-138.25	0.
-11.6575	-138.	0.
-11.6169	-137.75	0.
-11.5755	-137.5	0.
-11.5334	-137.25	0.
-11.4907	-137.	0.
-11.4472	-136.75	0.
-11.4029	-136.5	0.
-11.358	-136.25	0.
-11.3124	-136.	0.
-11.2661	-135.75	0.
-11.2192	-135.5	0.
-11.1715	-135.25	0.
-11.1232	-135.	0.
-11.0742	-134.75	0.
-11.0245	-134.5	0.
-10.9741	-134.25	0.
-10.9231	-134.	0.
-10.8715	-133.75	0.
-10.8192	-133.5	0.
-10.7662	-133.25	0.
-10.7126	-133.	0.
-10.6584	-132.75	0.
-10.6036	-132.5	0.
-10.5481	-132.25	0.
-10.492	-132.	0.
-10.4353	-131.75	0.
-10.3779	-131.5	0.
-10.32	-131.25	0.
-10.2614	-131.	0.
-10.2023	-130.75	0.
-10.1426	-130.5	0.
-10.0822	-130.25	0.
-10.0213	-130.	0.
-9.95984	-129.75	0.
-9.89778	-129.5	0.
-9.83514	-129.25	0.
-9.77194	-129.	0.
-9.70818	-128.75	0.
-9.64386	-128.5	0.
-9.57899	-128.25	0.
-9.51357	-128.	0.
-9.44761	-127.75	0.
-9.3811	-127.5	0.
-9.31407	-127.25	0.
-9.24651	-127.	0.
-9.17842	-126.75	0.
-9.10981	-126.5	0.
-9.04068	-126.25	0.
-8.97105	-126.	0.
-8.90091	-125.75	0.
-8.83027	-125.5	0.
-8.75913	-125.25	0.
-8.6875	-125.	0.
-8.61538	-124.75	0.
-8.54278	-124.5	0.
-8.4697	-124.25	0.
-8.39615	-124.	0.
-8.32213	-123.75	0.
-8.24764	-123.5	0.
-8.1727	-123.25	0.
-8.09729	-123.	0.
-8.02144	-122.75	0.
-7.94515	-122.5	0.
-7.86841	-122.25	0.
-7.79123	-122.	0.
-7.71362	-121.75	0.
-7.63559	-121.5	0.
-7.55713	-121.25	0.
-7.47826	-121.	0.
-7.39897	-120.75	0.
-7.31927	-120.5	0.
-7.23917	-120.25	0.
-7.15867	-120.	0.
-7.07777	-119.75	0.
-6.99648	-119.5	0.
-6.91481	-119.25	0.
-6.83276	-119.	0.
-6.75033	-118.75	0.
-6.66752	-118.5	0.
-6.58435	-118.25	0.
-6.50082	-118.	0.
-6.41693	-117.75	0.
-6.33269	-117.5	0.
-6.2481	-117.25	0.
-6.16316	-117.	0.
-6.07788	-116.75	0.
-5.99227	-116.5	0.
-5.90633	-116.25	0.
-5.82006	-116.	0.
-5.73348	-115.75	0.
-5.64657	-115.5	0.
-5.55936	-115.25	0.
-5.47183	-115.	0.
-5.38401	-114.75	0.
-5.29588	-114.5	0.
-5.20747	-114.25	0.
-5.11876	-114.	0.
-5.02977	-113.75	0.
-4.9405	-113.5	0.
-4.85096	-113.25	0.
-4.76115	-113.	0.
-4.67107	-112.75	0.
-4.58073	-112.5	0.
-4.49013	-112.25	0.
-4.39929	-112.	0.
-4.30819	-111.75	0.
-4.21685	-111.5	0.
-4.12528	-111.25	0.
-4.03347	-111.	0.
-3.94143	-110.75	0.
-3.84917	-110.5	0.
-3.75669	-110.25	0.
-3.664	-110.	0.
-3.5711	-109.75	0.
-3.47799	-109.5	0.
-3.38468	-109.25	0.
-3.29117	-109.	0.
-3.19747	-108.75	0.
-3.10359	-108.5	0.
-3.00952	-108.25	0.
-2.91527	-108.	0.
-2.82086	-107.75	0.
-2.72627	-107.5	0.
-2.63152	-107.25	0.
-2.53661	-107.	0.
-2.44155	-106.75	0.
-2.34634	-106.5	0.
-2.25098	-106.25	0.
-2.15548	-106.	0.
-2.05984	-105.75	0.
-1.96408	-105.5	0.
-1.86818	-105.25	0.
-1.77217	-105.	0.
-1.67603	-104.75	0.
-1.57979	-104.5	0.
-1.48343	-104.25	0.
-1.38698	-104.	0.
-1.29042	-103.75	0.
-1.19377	-103.5	0.
-1.09703	-103.25	0.
-1.0002	-103.	0.
-0.903295	-102.75	0.
-0.806312	-102.5	0.
-0.709259	-102.25	0.
-0.612139	-102.	0.
-0.514956	-101.75	0.
-0.417717	-101.5	0.
-0.320424	-101.25	0.
-0.223084	-101.	0.
-0.1257	-100.75	0.
-2.82772e-002	-100.5	0.
6.91799e-002	-100.25	0.
0.166667	-100.	0.
0.166667	-100.	0.
0.264178	-99.75	0.
0.36171	-99.5	0.
0.459256	-99.25	0.
0.556812	-99.	0.
0.654372	-98.75	0.
0.751932	-98.5	0.
0.849486	-98.25	0.
0.947029	-98.	0.
1.04456	-97.75	0.
1.14206	-97.5	0.
1.23954	-97.25	0.
1.33699	-97.	0.
1.4344	-96.75	0.
1.53177	-96.5	0.
1.6291	-96.25	0.
1.72637	-96.	0.
1.82358	-95.75	0.
1.92074	-95.5	0.
2.01782	-95.25	0.
2.11483	-95.	0.
2.21177	-94.75	0.
2.30862	-94.5	0.
2.40539	-94.25	0.
2.50206	-94.	0.
2.59863	-93.75	0.
2.6951	-93.5	0.
2.79147	-93.25	0.
2.88772	-93.	0.
2.98385	-92.75	0.
3.07985	-92.5	0.
3.17573	-92.25	0.
3.27148	-92.	0.
3.36708	-91.75	0.
3.46254	-91.5	0.
3.55786	-91.25	0.
3.65301	-91.	0.
3.74801	-90.75	0.
3.84285	-90.5	0.
3.93751	-90.25	0.
4.032	-90.	0.
4.12631	-89.75	0.
4.22043	-89.5	0.
4.31437	-89.25	0.
4.40811	-89.	0.
4.50164	-88.75	0.
4.59498	-88.5	0.
4.6881	-88.25	0.
4.781	-88.	0.
4.87369	-87.75	0.
4.96615	-87.5	0.
5.05837	-87.25	0.
5.15036	-87.	0.
5.24211	-86.75	0.
5.33362	-86.5	0.
5.42487	-86.25	0.
5.51586	-86.	0.
5.60659	-85.75	0.
5.69706	-85.5	0.
5.78725	-85.25	0.
5.87717	-85.	0.
5.9668	-84.75	0.
6.05614	-84.5	0.
6.1452	-84.25	0.
6.23395	-84.	0.
6.3224	-83.75	0.
6.41055	-83.5	0.
6.49838	-83.25	0.
6.58589	-83.	0.
6.67308	-82.75	0.
6.75994	-82.5	0.
6.84646	-82.25	0.
6.93265	-82.	0.
7.01849	-81.75	0.
7.10399	-81.5	0.
7.18913	-81.25	0.
7.27391	-81.	0.
7.35832	-80.75	0.
7.44237	-80.5	0.
7.52604	-80.25	0.
7.60933	-80.	0.
7.69224	-79.75	0.
7.77476	-79.5	0.
7.85688	-79.25	0.
7.9386	-79.	0.
8.01991	-78.75	0.
8.10082	-78.5	0.
8.18131	-78.25	0.
8.26138	-78.	0.
8.34102	-77.75	0.
8.42023	-77.5	0.
8.499	-77.25	0.
8.57734	-77.	0.
8.65522	-76.75	0.
8.73266	-76.5	0.
8.80964	-76.25	0.
8.88615	-76.	0.
8.9622	-75.75	0.
9.03778	-75.5	0.
9.11288	-75.25	0.
9.1875	-75.	0.
9.26163	-74.75	0.
9.33527	-74.5	0.
9.40841	-74.25	0.
9.48105	-74.	0.
9.55317	-73.75	0.
9.62479	-73.5	0.
9.69589	-73.25	0.
9.76646	-73.	0.
9.83651	-72.75	0.
9.90602	-72.5	0.
9.97499	-72.25	0.
10.0434	-72.	0.
10.1113	-71.75	0.
10.1786	-71.5	0.
10.2454	-71.25	0.
10.3116	-71.	0.
10.3772	-70.75	0.
10.4423	-70.5	0.
10.5068	-70.25	0.
10.5707	-70.	0.
10.634	-69.75	0.
10.6967	-69.5	0.
10.7588	-69.25	0.
10.8203	-69.	0.
10.8812	-68.75	0.
10.9415	-68.5	0.
11.0011	-68.25	0.
11.0601	-68.	0.
11.1185	-67.75	0.
11.1763	-67.5	0.
11.2334	-67.25	0.
11.2899	-67.	0.
11.3457	-66.75	0.
11.4009	-66.5	0.
11.4554	-66.25	0.
11.5092	-66.	0.
11.5624	-65.75	0.
11.6149	-65.5	0.
11.6667	-65.25	0.
11.7178	-65.	0.
11.7683	-64.75	0.
11.818	-64.5	0.
11.867	-64.25	0.
11.9153	-64.	0.
11.9629	-63.75	0.
12.0098	-63.5	0.
12.056	-63.25	0.
12.1014	-63.	0.
12.1461	-62.75	0.
12.1901	-62.5	0.
12.2333	-62.25	0.
12.2758	-62.	0.
12.3175	-61.75	0.
12.3585	-61.5	0.
12.3987	-61.25	0.
12.4381	-61.	0.
12.4767	-60.75	0.
12.5146	-60.5	0.
12.5517	-60.25	0.
12.588	-60.	0.
12.6235	-59.75	0.
12.6582	-59.5	0.
12.6921	-59.25	0.
12.7252	-59.	0.
12.7575	-58.75	0.
12.7889	-58.5	0.
12.8195	-58.25	0.
12.8493	-58.	0.
12.8783	-57.75	0.
12.9064	-57.5	0.
12.9337	-57.25	0.
12.9601	-57.	0.
12.9856	-56.75	0.
13.0103	-56.5	0.
13.0342	-56.25	0.
13.0571	-56.	0.
13.0792	-55.75	0.
13.1004	-55.5	0.
13.1207	-55.25	0.
13.1402	-55.	0.
13.1587	-54.75	0.
13.1763	-54.5	0.
13.193	-54.25	0.
13.2088	-54.	0.
13.2237	-53.75	0.
13.2377	-53.5	0.
13.2507	-53.25	0.
13.2628	-53.	0.
13.274	-52.75	0.
13.2842	-52.5	0.
13.2935	-52.25	0.
13.3018	-52.	0.
13.3091	-51.75	0.
13.3155	-51.5	0.
13.3209	-51.25	0.
13.3254	-51.	0.
13.3289	-50.75	0.
13.3313	-50.5	0.
13.3328	-50.25	0.
13.3333	-50.	0.
13.3333	-50.	0.
13.3328	-49.75	0.
13.3313	-49.5	0.
13.3289	-49.25	0.
13.3254	-49.	0.
13.321	-48.75	0.
13.3157	-48.5	0.
13.3094	-48.25	0.
13.3022	-48.	0.
13.294	-47.75	0.
13.285	-47.5	0.
13.275	-47.25	0.
13.2642	-47.	0.
13.2524	-46.75	0.
13.2398	-46.5	0.
13.2264	-46.25	0.
13.2121	-46.	0.
13.1969	-45.75	0.
13.1809	-45.5	0.
13.1641	-45.25	0.
13.1465	-45.	0.
13.1281	-44.75	0.
13.1089	-44.5	0.
13.0889	-44.25	0.
13.0681	-44.	0.
13.0465	-43.75	0.
13.0243	-43.5	0.
13.0012	-43.25	0.
12.9775	-43.	0.
12.953	-42.75	0.
12.9278	-42.5	0.
12.9019	-42.25	0.
12.8753	-42.	0.
12.848	-41.75	0.
12.82	-41.5	0.
12.7914	-41.25	0.
12.7621	-41.	0.
12.7322	-40.75	0.
12.7016	-40.5	0.
12.6705	-40.25	0.
12.6387	-40.	0.
12.6063	-39.75	0.
12.5733	-39.5	0.
12.5397	-39.25	0.
12.5055	-39.	0.
12.4708	-38.75	0.
12.4355	-38.5	0.
12.3997	-38.25	0.
12.3633	-38.	0.
12.3265	-37.75	0.
12.2891	-37.5	0.
12.2512	-37.25	0.
12.2128	-37.	0.
12.1739	-36.75	0.
12.1345	-36.5	0.
12.0947	-36.25	0.
12.0544	-36.	0.
12.0136	-35.75	0.
11.9725	-35.5	0.
11.9309	-35.25	0.
11.8888	-35.	0.
11.8464	-34.75	0.
11.8036	-34.5	0.
11.7604	-34.25	0.
11.7168	-34.	0.
11.6728	-33.75	0.
11.6285	-33.5	0.
11.5838	-33.25	0.
11.5388	-33.	0.
11.4935	-32.75	0.
11.4479	-32.5	0.
11.4019	-32.25	0.
11.3556	-32.	0.
11.3091	-31.75	0.
11.2623	-31.5	0.
11.2152	-31.25	0.
11.1678	-31.	0.
11.1202	-30.75	0.
11.0724	-30.5	0.
11.0243	-30.25	0.
10.976	-30.	0.
10.9275	-29.75	0.
10.8788	-29.5	0.
10.8299	-29.25	0.
10.7808	-29.	0.
10.7316	-28.75	0.
10.6822	-28.5	0.
10.6326	-28.25	0.
10.5829	-28.	0.
10.5331	-27.75	0.
10.4831	-27.5	0.
10.4331	-27.25	0.
10.3829	-27.	0.
10.3327	-26.75	0.
10.2823	-26.5	0.
10.2319	-26.25	0.
10.1815	-26.	0.
10.1309	-25.75	0.
10.0804	-25.5	0.
10.0298	-25.25	0.
9.97917	-25.	0.
9.92854	-24.75	0.
9.8779	-24.5	0.
9.82728	-24.25	0.
9.77667	-24.	0.
9.72609	-23.75	0.
9.67555	-23.5	0.
9.62505	-23.25	0.
9.57461	-23.	0.
9.52424	-22.75	0.
9.47394	-22.5	0.
9.42373	-22.25	0.
9.37361	-22.	0.
9.3236	-21.75	0.
9.27371	-21.5	0.
9.22394	-21.25	0.
9.17431	-21.	0.
9.12482	-20.75	0.
9.07549	-20.5	0.
9.02632	-20.25	0.
8.97733	-20.	0.
8.92853	-19.75	0.
8.87992	-19.5	0.
8.83151	-19.25	0.
8.78332	-19.	0.
8.73535	-18.75	0.
8.68762	-18.5	0.
8.64013	-18.25	0.
8.5929	-18.	0.
8.54593	-17.75	0.
8.49923	-17.5	0.
8.45282	-17.25	0.
8.4067	-17.	0.
8.36088	-16.75	0.
8.31538	-16.5	0.
8.2702	-16.25	0.
8.22535	-16.	0.
8.18085	-15.75	0.
8.1367	-15.5	0.
8.09291	-15.25	0.
8.0495	-15.	0.
8.00647	-14.75	0.
7.96383	-14.5	0.
7.92159	-14.25	0.
7.87977	-14.	0.
7.83836	-13.75	0.
7.79739	-13.5	0.
7.75686	-13.25	0.
7.71678	-13.	0.
7.67717	-12.75	0.
7.63802	-12.5	0.
7.59936	-12.25	0.
7.56118	-12.	0.
7.52351	-11.75	0.
7.48635	-11.5	0.
7.44971	-11.25	0.
7.4136	-11.	0.
7.37803	-10.75	0.
7.34301	-10.5	0.
7.30855	-10.25	0.
7.27467	-10.	0.
7.24136	-9.75	0.
7.20864	-9.5	0.
7.17652	-9.25	0.
7.14501	-9.	0.
7.11412	-8.75	0.
7.08386	-8.5	0.
7.05424	-8.25	0.
7.02527	-8.	0.
6.99696	-7.75	0.
6.96931	-7.5	0.
6.94235	-7.25	0.
6.91607	-7.	0.
6.89049	-6.75	0.
6.86562	-6.5	0.
6.84147	-6.25	0.
6.81805	-6.	0.
6.79536	-5.75	0.
6.77343	-5.5	0.
6.75225	-5.25	0.
6.73183	-5.	0.
6.7122	-4.75	0.
6.69335	-4.5	0.
6.6753	-4.25	0.
6.65806	-4.	0.
6.64163	-3.75	0.
6.62603	-3.5	0.
6.61127	-3.25	0.
6.59736	-3.	0.
6.5843	-2.75	0.
6.5721	-2.5	0.
6.56079	-2.25	0.
6.55036	-2.	0.
6.54082	-1.75	0.
6.53219	-1.5	0.
6.52448	-1.25	0.
6.51769	-1.	0.
6.51184	-0.75	0.
6.50694	-0.5	0.
6.50299	-0.25	0.
6.5	-1.06404e-012	0.
6.5	1.77636e-015	0.
6.49799	0.25	0.
6.49694	0.5	0.
6.49684	0.75	0.
6.4977	1.	0.
6.49949	1.25	0.
6.5022	1.5	0.
6.50584	1.75	0.
6.51038	2.	0.
6.51582	2.25	0.
6.52215	2.5	0.
6.52935	2.75	0.
6.53743	3.	0.
6.54636	3.25	0.
6.55615	3.5	0.
6.56677	3.75	0.
6.57823	4.	0.
6.59051	4.25	0.
6.60359	4.5	0.
6.61748	4.75	0.
6.63217	5.	0.
6.64763	5.25	0.
6.66387	5.5	0.
6.68087	5.75	0.
6.69862	6.	0.
6.71712	6.25	0.
6.73636	6.5	0.
6.75631	6.75	0.
6.77699	7.	0.
6.79836	7.25	0.
6.82044	7.5	0.
6.8432	7.75	0.
6.86663	8.	0.
6.89074	8.25	0.
6.9155	8.5	0.
6.94091	8.75	0.
6.96696	9.	0.
6.99363	9.25	0.
7.02093	9.5	0.
7.04883	9.75	0.
7.07733	10.	0.
7.10643	10.25	0.
7.1361	10.5	0.
7.16634	10.75	0.
7.19715	11.	0.
7.22851	11.25	0.
7.26041	11.5	0.
7.29284	11.75	0.
7.32579	12.	0.
7.35926	12.25	0.
7.39323	12.5	0.
7.42769	12.75	0.
7.46264	13.	0.
7.49806	13.25	0.
7.53395	13.5	0.
7.57029	13.75	0.
7.60708	14.	0.
7.64431	14.25	0.
7.68196	14.5	0.
7.72003	14.75	0.
7.7585	15.	0.
7.79737	15.25	0.
7.83663	15.5	0.
7.87627	15.75	0.
7.91628	16.	0.
7.95664	16.25	0.
7.99736	16.5	0.
8.03841	16.75	0.
8.0798	17.	0.
8.1215	17.25	0.
8.16352	17.5	0.
8.20584	17.75	0.
8.24845	18.	0.
8.29134	18.25	0.
8.3345	18.5	0.
8.37793	18.75	0.
8.42161	19.	0.
8.46553	19.25	0.
8.50969	19.5	0.
8.55407	19.75	0.
8.59867	20.	0.
8.64347	20.25	0.
8.68846	20.5	0.
8.73365	20.75	0.
8.779	21.	0.
8.82453	21.25	0.
8.87021	21.5	0.
8.91604	21.75	0.
8.96201	22.	0.
9.0081	22.25	0.
9.05431	22.5	0.
9.10063	22.75	0.
9.14705	23.	0.
9.19356	23.25	0.
9.24015	23.5	0.
9.28681	23.75	0.
9.33354	24.	0.
9.38031	24.25	0.
9.42712	24.5	0.
9.47397	24.75	0.
9.52083	25.	0.
9.56771	25.25	0.
9.6146	25.5	0.
9.66147	25.75	0.
9.70833	26.	0.
9.75516	26.25	0.
9.80196	26.5	0.
9.84871	26.75	0.
9.89541	27.	0.
9.94204	27.25	0.
9.9886	27.5	0.
10.0351	27.75	0.
10.0815	28.	0.
10.1277	28.25	0.
10.1739	28.5	0.
10.22	28.75	0.
10.2659	29.	0.
10.3116	29.25	0.
10.3573	29.5	0.
10.4027	29.75	0.
10.448	30.	0.
10.4931	30.25	0.
10.538	30.5	0.
10.5827	30.75	0.
10.6273	31.	0.
10.6715	31.25	0.
10.7156	31.5	0.
10.7594	31.75	0.
10.803	32.	0.
10.8463	32.25	0.
10.8894	32.5	0.
10.9322	32.75	0.
10.9747	33.	0.
11.0169	33.25	0.
11.0588	33.5	0.
11.1003	33.75	0.
11.1416	34.	0.
11.1825	34.25	0.
11.2231	34.5	0.
11.2633	34.75	0.
11.3032	35.	0.
11.3427	35.25	0.
11.3818	35.5	0.
11.4205	35.75	0.
11.4588	36.	0.
11.4967	36.25	0.
11.5342	36.5	0.
11.5712	36.75	0.
11.6078	37.	0.
11.644	37.25	0.
11.6797	37.5	0.
11.7149	37.75	0.
11.7497	38.	0.
11.7839	38.25	0.
11.8177	38.5	0.
11.851	38.75	0.
11.8837	39.	0.
11.9159	39.25	0.
11.9476	39.5	0.
11.9788	39.75	0.
12.0093	40.	0.
12.0393	40.25	0.
12.0688	40.5	0.
12.0976	40.75	0.
12.1259	41.	0.
12.1536	41.25	0.
12.1806	41.5	0.
12.207	41.75	0.
12.2328	42.	0.
12.258	42.25	0.
12.2825	42.5	0.
12.3063	42.75	0.
12.3295	43.	0.
12.352	43.25	0.
12.3738	43.5	0.
12.3949	43.75	0.
12.4152	44.	0.
12.4349	44.25	0.
12.4538	44.5	0.
12.472	44.75	0.
12.4895	45.	0.
12.5062	45.25	0.
12.5221	45.5	0.
12.5373	45.75	0.
12.5516	46.	0.
12.5652	46.25	0.
12.578	46.5	0.
12.5899	46.75	0.
12.601	47.	0.
12.6113	47.25	0.
12.6208	47.5	0.
12.6294	47.75	0.
12.6371	48.	0.
12.6439	48.25	0.
12.6499	48.5	0.
12.655	48.75	0.
12.6592	49.	0.
12.6624	49.25	0.
12.6648	49.5	0.
12.6662	49.75	0.
12.6667	50.	0.
12.6667	50.	0.
12.6662	50.25	0.
12.6648	50.5	0.
12.6624	50.75	0.
12.6591	51.	0.
12.6549	51.25	0.
12.6498	51.5	0.
12.6438	51.75	0.
12.6369	52.	0.
12.6291	52.25	0.
12.6204	52.5	0.
12.6108	52.75	0.
12.6003	53.	0.
12.589	53.25	0.
12.5768	53.5	0.
12.5638	53.75	0.
12.5499	54.	0.
12.5352	54.25	0.
12.5197	54.5	0.
12.5033	54.75	0.
12.4862	55.	0.
12.4682	55.25	0.
12.4494	55.5	0.
12.4298	55.75	0.
12.4095	56.	0.
12.3883	56.25	0.
12.3664	56.5	0.
12.3438	56.75	0.
12.3203	57.	0.
12.2962	57.25	0.
12.2712	57.5	0.
12.2456	57.75	0.
12.2192	58.	0.
12.1921	58.25	0.
12.1642	58.5	0.
12.1357	58.75	0.
12.1065	59.	0.
12.0765	59.25	0.
12.0459	59.5	0.
12.0146	59.75	0.
11.9827	60.	0.
11.95	60.25	0.
11.9167	60.5	0.
11.8828	60.75	0.
11.8482	61.	0.
11.813	61.25	0.
11.7772	61.5	0.
11.7407	61.75	0.
11.7036	62.	0.
11.6659	62.25	0.
11.6276	62.5	0.
11.5887	62.75	0.
11.5492	63.	0.
11.5092	63.25	0.
11.4686	63.5	0.
11.4274	63.75	0.
11.3856	64.	0.
11.3433	64.25	0.
11.3005	64.5	0.
11.2571	64.75	0.
11.2132	65.	0.
11.1687	65.25	0.
11.1238	65.5	0.
11.0783	65.75	0.
11.0324	66.	0.
10.9859	66.25	0.
10.939	66.5	0.
10.8915	66.75	0.
10.8437	67.	0.
10.7953	67.25	0.
10.7465	67.5	0.
10.6972	67.75	0.
10.6475	68.	0.
10.5973	68.25	0.
10.5468	68.5	0.
10.4958	68.75	0.
10.4444	69.	0.
10.3925	69.25	0.
10.3403	69.5	0.
10.2877	69.75	0.
10.2347	70.	0.
10.1813	70.25	0.
10.1275	70.5	0.
10.0734	70.75	0.
10.0189	71.	0.
9.96406	71.25	0.
9.90888	71.5	0.
9.85336	71.75	0.
9.79751	72.	0.
9.74134	72.25	0.
9.68485	72.5	0.
9.62806	72.75	0.
9.57096	73.	0.
9.51357	73.25	0.
9.45588	73.5	0.
9.39792	73.75	0.
9.33969	74.	0.
9.28119	74.25	0.
9.22243	74.5	0.
9.16342	74.75	0.
9.10417	75.	0.
9.04467	75.25	0.
8.98495	75.5	0.
8.925	75.75	0.
8.86484	76.	0.
8.80447	76.25	0.
8.7439	76.5	0.
8.68313	76.75	0.
8.62217	77.	0.
8.56104	77.25	0.
8.49973	77.5	0.
8.43825	77.75	0.
8.37662	78.	0.
8.31483	78.25	0.
8.2529	78.5	0.
8.19083	78.75	0.
8.12863	79.	0.
8.06631	79.25	0.
8.00387	79.5	0.
7.94132	79.75	0.
7.87867	80.	0.
7.81592	80.25	0.
7.75309	80.5	0.
7.69017	80.75	0.
7.62718	81.	0.
7.56413	81.25	0.
7.50101	81.5	0.
7.43785	81.75	0.
7.37463	82.	0.
7.31138	82.25	0.
7.2481	82.5	0.
7.1848	82.75	0.
7.12148	83.	0.
7.05815	83.25	0.
6.99482	83.5	0.
6.93149	83.75	0.
6.86817	84.	0.
6.80487	84.25	0.
6.7416	84.5	0.
6.67836	84.75	0.
6.61517	85.	0.
6.55202	85.25	0.
6.48892	85.5	0.
6.42589	85.75	0.
6.36292	86.	0.
6.30003	86.25	0.
6.23723	86.5	0.
6.17451	86.75	0.
6.11189	87.	0.
6.04938	87.25	0.
5.98698	87.5	0.
5.9247	87.75	0.
5.86254	88.	0.
5.80051	88.25	0.
5.73863	88.5	0.
5.67689	88.75	0.
5.61531	89.	0.
5.55389	89.25	0.
5.49264	89.5	0.
5.43156	89.75	0.
5.37067	90.	0.
5.30996	90.25	0.
5.24946	90.5	0.
5.18915	90.75	0.
5.12906	91.	0.
5.06919	91.25	0.
5.00954	91.5	0.
4.95013	91.75	0.
4.89095	92.	0.
4.83203	92.25	0.
4.77335	92.5	0.
4.71494	92.75	0.
4.6568	93.	0.
4.59893	93.25	0.
4.54135	93.5	0.
4.48405	93.75	0.
4.42705	94.	0.
4.37036	94.25	0.
4.31397	94.5	0.
4.25791	94.75	0.
4.20217	95.	0.
4.14676	95.25	0.
4.09169	95.5	0.
4.03697	95.75	0.
3.9826	96.	0.
3.9286	96.25	0.
3.87496	96.5	0.
3.8217	96.75	0.
3.76881	97.	0.
3.71632	97.25	0.
3.66423	97.5	0.
3.61254	97.75	0.
3.56126	98.	0.
3.5104	98.25	0.
3.45996	98.5	0.
3.40996	98.75	0.
3.36039	99.	0.
3.31127	99.25	0.
3.26261	99.5	0.
3.2144	99.75	0.
3.16667	100.	0.
3.1194	100.25	0.
3.07261	100.5	0.
3.02629	100.75	0.
2.98044	101.	0.
2.93505	101.25	0.
2.89013	101.5	0.
2.84567	101.75	0.
2.80166	102.	0.
2.75812	102.25	0.
2.71502	102.5	0.
2.67238	102.75	0.
2.63018	103.	0.
2.58843	103.25	0.
2.54713	103.5	0.
2.50627	103.75	0.
2.46585	104.	0.
2.42586	104.25	0.
2.38631	104.5	0.
2.34719	104.75	0.
2.3085	105.	0.
2.27024	105.25	0.
2.2324	105.5	0.
2.19499	105.75	0.
2.15799	106.	0.
2.12142	106.25	0.
2.08526	106.5	0.
2.04951	106.75	0.
2.01418	107.	0.
1.97925	107.25	0.
1.94473	107.5	0.
1.91061	107.75	0.
1.8769	108.	0.
1.84358	108.25	0.
1.81066	108.5	0.
1.77813	108.75	0.
1.746	109.	0.
1.71425	109.25	0.
1.6829	109.5	0.
1.65192	109.75	0.
1.62133	110.	0.
1.59112	110.25	0.
1.56129	110.5	0.
1.53183	110.75	0.
1.50275	111.	0.
1.47403	111.25	0.
1.44569	111.5	0.
1.41771	111.75	0.
1.39009	112.	0.
1.36283	112.25	0.
1.33594	112.5	0.
1.3094	112.75	0.
1.28321	113.	0.
1.25737	113.25	0.
1.23189	113.5	0.
1.20675	113.75	0.
1.18195	114.	0.
1.1575	114.25	0.
1.13338	114.5	0.
1.10961	114.75	0.
1.08617	115.	0.
1.06306	115.25	0.
1.04028	115.5	0.
1.01783	115.75	0.
0.995701	116.	0.
0.973898	116.25	0.
0.952416	116.5	0.
0.931252	116.75	0.
0.910404	117.	0.
0.889869	117.25	0.
0.869646	117.5	0.
0.849731	117.75	0.
0.830123	118.	0.
0.810818	118.25	0.
0.791815	118.5	0.
0.773112	118.75	0.
0.754705	119.	0.
0.736593	119.25	0.
0.718773	119.5	0.
0.701243	119.75	0.
0.684	120.	0.
0.667042	120.25	0.
0.650367	120.5	0.
0.633972	120.75	0.
0.617855	121.	0.
0.602013	121.25	0.
0.586444	121.5	0.
0.571147	121.75	0.
0.556117	122.	0.
0.541354	122.25	0.
0.526854	122.5	0.
0.512616	122.75	0.
0.498636	123.	0.
0.484913	123.25	0.
0.471444	123.5	0.
0.458227	123.75	0.
0.445259	124.	0.
0.432538	124.25	0.
0.420061	124.5	0.
0.407827	124.75	0.
0.395833	125.	0.
0.384077	125.25	0.
0.372555	125.5	0.
0.361266	125.75	0.
0.350208	126.	0.
0.339378	126.25	0.
0.328773	126.5	0.
0.318391	126.75	0.
0.308231	127.	0.
0.298289	127.25	0.
0.288562	127.5	0.
0.27905	127.75	0.
0.269749	128.	0.
0.260657	128.25	0.
0.251772	128.5	0.
0.243091	128.75	0.
0.234612	129.	0.
0.226332	129.25	0.
0.21825	129.5	0.
0.210362	129.75	0.
0.202667	130.	0.
0.195161	130.25	0.
0.187843	130.5	0.
0.180711	130.75	0.
0.173761	131.	0.
0.166992	131.25	0.
0.160401	131.5	0.
0.153986	131.75	0.
0.147744	132.	0.
0.141673	132.25	0.
0.135771	132.5	0.
0.130035	132.75	0.
0.124463	133.	0.
0.119052	133.25	0.
0.1138	133.5	0.
0.108706	133.75	0.
0.103765	134.	0.
9.89769e-002	134.25	0.
9.43382e-002	134.5	0.
8.98466e-002	134.75	0.
8.55e-002	135.	0.
8.12959e-002	135.25	0.
7.72318e-002	135.5	0.
7.33056e-002	135.75	0.
6.95147e-002	136.	0.
6.58568e-002	136.25	0.
6.23295e-002	136.5	0.
5.89305e-002	136.75	0.
5.56573e-002	137.	0.
5.25077e-002	137.25	0.
4.94792e-002	137.5	0.
4.65694e-002	137.75	0.
4.3776e-002	138.	0.
4.10966e-002	138.25	0.
3.85288e-002	138.5	0.
3.60703e-002	138.75	0.
3.37187e-002	139.	0.
3.14715e-002	139.25	0.
2.93265e-002	139.5	0.
2.72812e-002	139.75	0.
2.53333e-002	140.	0.
2.34804e-002	140.25	0.
2.17202e-002	140.5	0.
2.00501e-002	140.75	0.
1.8468e-002	141.	0.
1.69714e-002	141.25	0.
1.55578e-002	141.5	0.
1.42251e-002	141.75	0.
1.29707e-002	142.	0.
1.17923e-002	142.25	0.
1.06875e-002	142.5	0.
9.65398e-003	142.75	0.
8.68933e-003	143.	0.
7.79119e-003	143.25	0.
6.95717e-003	143.5	0.
6.1849e-003	143.75	0.
5.472e-003	144.	0.
4.8161e-003	144.25	0.
4.21483e-003	144.5	0.
3.66581e-003	144.75	0.
3.16667e-003	145.	0.
2.71502e-003	145.25	0.
2.3085e-003	145.5	0.
1.94473e-003	145.75	0.
1.62133e-003	146.	0.
1.33594e-003	146.25	0.
1.08617e-003	146.5	0.
8.69646e-004	146.75	0.
6.84e-004	147.	0.
5.26854e-004	147.25	0.
3.95833e-004	147.5	0.
2.88562e-004	147.75	0.
2.02667e-004	148.	0.
1.35771e-004	148.25	0.
8.55e-005	148.5	0.
4.94792e-005	148.75	0.
2.53333e-005	149.	0.
1.06875e-005	149.25	0.
3.16667e-006	149.5	0.
3.95833e-007	149.75	0.
0.	150.	0.
-5.20833e-007	150.25	0.
-4.16667e-006	150.5	0.
-1.40625e-005	150.75	0.
-3.33333e-005	151.	0.
-6.51042e-005	151.25	0.
-1.125e-004	151.5	0.
-1.78646e-004	151.75	0.
-2.66667e-004	152.	0.
-3.79687e-004	152.25	0.
-5.20833e-004	152.5	0.
-6.93229e-004	152.75	0.
-9.e-004	153.	0.
-1.14427e-003	153.25	0.
-1.42917e-003	153.5	0.
-1.75781e-003	153.75	0.
-2.13333e-003	154.	0.
-2.55885e-003	154.25	0.
-3.0375e-003	154.5	0.
-3.5724e-003	154.75	0.
-4.16667e-003	155.	0.
-4.82344e-003	155.25	0.
-5.54583e-003	155.5	0.
-6.33698e-003	155.75	0.
-7.2e-003	156.	0.
-8.13802e-003	156.25	0.
-9.15417e-003	156.5	0.
-1.02516e-002	156.75	0.
-1.14333e-002	157.	0.
-1.27026e-002	157.25	0.
-1.40625e-002	157.5	0.
-1.55161e-002	157.75	0.
-1.70667e-002	158.	0.
-1.87172e-002	158.25	0.
-2.04708e-002	158.5	0.
-2.23307e-002	158.75	0.
-2.43e-002	159.	0.
-2.63818e-002	159.25	0.
-2.85792e-002	159.5	0.
-3.08953e-002	159.75	0.
-3.33333e-002	160.	0.
-3.58964e-002	160.25	0.
-3.85875e-002	160.5	0.
-4.14099e-002	160.75	0.
-4.43667e-002	161.	0.
-4.74609e-002	161.25	0.
-5.06958e-002	161.5	0.
-5.40745e-002	161.75	0.
-5.76e-002	162.	0.
-6.12755e-002	162.25	0.
-6.51042e-002	162.5	0.
-6.90891e-002	162.75	0.
-7.32333e-002	163.	0.
-7.75401e-002	163.25	0.
-8.20125e-002	163.5	0.
-8.66536e-002	163.75	0.
-9.14667e-002	164.	0.
-9.64547e-002	164.25	0.
-0.101621	164.5	0.
-0.106968	164.75	0.
-0.1125	165.	0.
-0.118219	165.25	0.
-0.124129	165.5	0.
-0.130233	165.75	0.
-0.136533	166.	0.
-0.143034	166.25	0.
-0.149737	166.5	0.
-0.156647	166.75	0.
-0.163767	167.	0.
-0.171098	167.25	0.
-0.178646	167.5	0.
-0.186412	167.75	0.
-0.1944	168.	0.
-0.202613	168.25	0.
-0.211054	168.5	0.
-0.219727	168.75	0.
-0.228633	169.	0.
-0.237778	169.25	0.
-0.247162	169.5	0.
-0.256791	169.75	0.
-0.266667	170.	0.
-0.276792	170.25	0.
-0.287171	170.5	0.
-0.297806	170.75	0.
-0.3087	171.	0.
-0.319857	171.25	0.
-0.331279	171.5	0.
-0.34297	171.75	0.
-0.354933	172.	0.
-0.367171	172.25	0.
-0.379687	172.5	0.
-0.392485	172.75	0.
-0.405567	173.	0.
-0.418936	173.25	0.
-0.432596	173.5	0.
-0.446549	173.75	0.
-0.4608	174.	0.
-0.475351	174.25	0.
-0.490204	174.5	0.
-0.505364	174.75	0.
-0.520833	175.	0.
-0.536615	175.25	0.
-0.552712	175.5	0.
-0.569129	175.75	0.
-0.585867	176.	0.
-0.60293	176.25	0.
-0.620321	176.5	0.
-0.638043	176.75	0.
-0.6561	177.	0.
-0.674494	177.25	0.
-0.693229	177.5	0.
-0.712308	177.75	0.
-0.731733	178.	0.
-0.751509	178.25	0.
-0.771637	178.5	0.
-0.792122	178.75	0.
-0.812967	179.	0.
-0.834173	179.25	0.
-0.855746	179.5	0.
-0.877687	179.75	0.
-0.9	180.	0.
-0.922688	180.25	0.
-0.945754	180.5	0.
-0.969202	180.75	0.
-0.993033	181.	0.
-1.01725	181.25	0.
-1.04186	181.5	0.
-1.06687	181.75	0.
-1.09227	182.	0.
-1.11807	182.25	0.
-1.14427	182.5	0.
-1.17088	182.75	0.
-1.1979	183.	0.
-1.22533	183.25	0.
-1.25318	183.5	0.
-1.28145	183.75	0.
-1.31013	184.	0.
-1.33925	184.25	0.
-1.36879	184.5	0.
-1.39876	184.75	0.
-1.42917	185.	0.
-1.46001	185.25	0.
-1.4913	185.5	0.
-1.52302	185.75	0.
-1.5552	186.	0.
-1.58783	186.25	0.
-1.6209	186.5	0.
-1.65444	186.75	0.
-1.68843	187.	0.
-1.72289	187.25	0.
-1.75781	187.5	0.
-1.7932	187.75	0.
-1.82907	188.	0.
-1.8654	188.25	0.
-1.90222	188.5	0.
-1.93952	188.75	0.
-1.9773	189.	0.
-2.01557	189.25	0.
-2.05433	189.5	0.
-2.09358	189.75	0.
-2.13333	190.	0.
-2.17358	190.25	0.
-2.21434	190.5	0.
-2.2556	190.75	0.
-2.29737	191.	0.
-2.33965	191.25	0.
-2.38245	191.5	0.
-2.42576	191.75	0.
-2.4696	192.	0.
-2.51396	192.25	0.
-2.55885	192.5	0.
-2.60428	192.75	0.
-2.65023	193.	0.
-2.69673	193.25	0.
-2.74376	193.5	0.
-2.79134	193.75	0.
-2.83947	194.	0.
-2.88814	194.25	0.
-2.93737	194.5	0.
-2.98716	194.75	0.
-3.0375	195.	0.
-3.08841	195.25	0.
-3.13988	195.5	0.
-3.19192	195.75	0.
-3.24453	196.	0.
-3.29772	196.25	0.
-3.35149	196.5	0.
-3.40583	196.75	0.
-3.46077	197.	0.
-3.51629	197.25	0.
-3.5724	197.5	0.
-3.6291	197.75	0.
-3.6864	198.	0.
-3.7443	198.25	0.
-3.8028	198.5	0.
-3.86191	198.75	0.
-3.92163	199.	0.
-3.98197	199.25	0.
-4.04291	199.5	0.
-4.10448	199.75	0.
-4.16667	200.	0.
-4.22948	200.25	0.
-4.2929	200.5	0.
-4.35694	200.75	0.
-4.42157	201.	0.
-4.48678	201.25	0.
-4.55258	201.5	0.
-4.61894	201.75	0.
-4.68587	202.	0.
-4.75334	202.25	0.
-4.82135	202.5	0.
-4.8899	202.75	0.
-4.95897	203.	0.
-5.02855	203.25	0.
-5.09863	203.5	0.
-5.16921	203.75	0.
-5.24027	204.	0.
-5.3118	204.25	0.
-5.3838	204.5	0.
-5.45626	204.75	0.
-5.52917	205.	0.
-5.60251	205.25	0.
-5.67628	205.5	0.
-5.75047	205.75	0.
-5.82507	206.	0.
-5.90006	206.25	0.
-5.97545	206.5	0.
-6.05122	206.75	0.
-6.12737	207.	0.
-6.20387	207.25	0.
-6.28073	207.5	0.
-6.35793	207.75	0.
-6.43547	208.	0.
-6.51333	208.25	0.
-6.5915	208.5	0.
-6.66999	208.75	0.
-6.74877	209.	0.
-6.82783	209.25	0.
-6.90718	209.5	0.
-6.98679	209.75	0.
-7.06667	210.	0.
-7.14679	210.25	0.
-7.22715	210.5	0.
-7.30775	210.75	0.
-7.38857	211.	0.
-7.4696	211.25	0.
-7.55083	211.5	0.
-7.63226	211.75	0.
-7.71387	212.	0.
-7.79565	212.25	0.
-7.8776	212.5	0.
-7.95971	212.75	0.
-8.04197	213.	0.
-8.12436	213.25	0.
-8.20688	213.5	0.
-8.28952	213.75	0.
-8.37227	214.	0.
-8.45511	214.25	0.
-8.53805	214.5	0.
-8.62107	214.75	0.
-8.70417	215.	0.
-8.78732	215.25	0.
-8.87053	215.5	0.
-8.95378	215.75	0.
-9.03707	216.	0.
-9.12038	216.25	0.
-9.2037	216.5	0.
-9.28704	216.75	0.
-9.37037	217.	0.
-9.45368	217.25	0.
-9.53698	217.5	0.
-9.62024	217.75	0.
-9.70347	218.	0.
-9.78664	218.25	0.
-9.86975	218.5	0.
-9.9528	218.75	0.
-10.0358	219.	0.
-10.1186	219.25	0.
-10.2014	219.5	0.
-10.2841	219.75	0.
-10.3667	220.	0.
-10.4491	220.25	0.
-10.5314	220.5	0.
-10.6136	220.75	0.
-10.6956	221.	0.
-10.7774	221.25	0.
-10.8591	221.5	0.
-10.9406	221.75	0.
-11.0219	222.	0.
-11.103	222.25	0.
-11.1839	222.5	0.
-11.2645	222.75	0.
-11.345	223.	0.
-11.4252	223.25	0.
-11.5051	223.5	0.
-11.5848	223.75	0.
-11.6643	224.	0.
-11.7434	224.25	0.
-11.8223	224.5	0.
-11.9009	224.75	0.
-11.9792	225.	0.
-12.0571	225.25	0.
-12.1348	225.5	0.
-12.2121	225.75	0.
-12.2891	226.	0.
-12.3657	226.25	0.
-12.442	226.5	0.
-12.5178	226.75	0.
-12.5934	227.	0.
-12.6685	227.25	0.
-12.7432	227.5	0.
-12.8176	227.75	0.
-12.8915	228.	0.
-12.965	228.25	0.
-13.038	228.5	0.
-13.1106	228.75	0.
-13.1828	229.	0.
-13.2545	229.25	0.
-13.3257	229.5	0.
-13.3964	229.75	0.
-13.4667	230.	0.
-13.5364	230.25	0.
-13.6057	230.5	0.
-13.6744	230.75	0.
-13.7426	231.	0.
-13.8102	231.25	0.
-13.8773	231.5	0.
-13.9439	231.75	0.
-14.0099	232.	0.
-14.0753	232.25	0.
-14.1401	232.5	0.
-14.2043	232.75	0.
-14.268	233.	0.
-14.331	233.25	0.
-14.3934	233.5	0.
-14.4551	233.75	0.
-14.5163	234.	0.
-14.5767	234.25	0.
-14.6366	234.5	0.
-14.6957	234.75	0.
-14.7542	235.	0.
-14.8119	235.25	0.
-14.869	235.5	0.
-14.9254	235.75	0.
-14.9811	236.	0.
-15.036	236.25	0.
-15.0902	236.5	0.
-15.1437	236.75	0.
-15.1964	237.	0.
-15.2483	237.25	0.
-15.2995	237.5	0.
-15.3499	237.75	0.
-15.3995	238.	0.
-15.4483	238.25	0.
-15.4963	238.5	0.
-15.5434	238.75	0.
-15.5898	239.	0.
-15.6353	239.25	0.
-15.6799	239.5	0.
-15.7237	239.75	0.
-15.7667	240.	0.
-15.8087	240.25	0.
-15.8499	240.5	0.
-15.8902	240.75	0.
-15.9296	241.	0.
-15.968	241.25	0.
-16.0056	241.5	0.
-16.0422	241.75	0.
-16.0779	242.	0.
-16.1126	242.25	0.
-16.1464	242.5	0.
-16.1791	242.75	0.
-16.211	243.	0.
-16.2418	243.25	0.
-16.2716	243.5	0.
-16.3005	243.75	0.
-16.3283	244.	0.
-16.3551	244.25	0.
-16.3808	244.5	0.
-16.4055	244.75	0.
-16.4292	245.	0.
-16.4518	245.25	0.
-16.4733	245.5	0.
-16.4937	245.75	0.
-16.5131	246.	0.
-16.5313	246.25	0.
-16.5485	246.5	0.
-16.5645	246.75	0.
-16.5794	247.	0.
-16.5931	247.25	0.
-16.6057	247.5	0.
-16.6172	247.75	0.
-16.6275	248.	0.
-16.6366	248.25	0.
-16.6445	248.5	0.
-16.6512	248.75	0.
-16.6568	249.	0.
-16.6611	249.25	0.
-16.6642	249.5	0.
-16.666	249.75	0.
-16.6667	250.	0.
-16.666	250.25	0.
-16.6642	250.5	0.
-16.6611	250.75	0.
-16.6568	251.	0.
-16.6512	251.25	0.
-16.6445	251.5	0.
-16.6366	251.75	0.
-16.6275	252.	0.
-16.6172	252.25	0.
-16.6057	252.501	0.
-16.5931	252.751	0.
-16.5794	253.001	0.
-16.5645	253.251	0.
-16.5485	253.501	0.
-16.5313	253.752	0.
-16.5131	254.002	0.
-16.4937	254.253	0.
-16.4733	254.503	0.
-16.4518	254.754	0.
-16.4292	255.004	0.
-16.4055	255.255	0.
-16.3808	255.506	0.
-16.3551	255.756	0.
-16.3283	256.007	0.
-16.3005	256.258	0.
-16.2716	256.509	0.
-16.2418	256.76	0.
-16.211	257.011	0.
-16.1791	257.263	0.
-16.1464	257.514	0.
-16.1126	257.766	0.
-16.0779	258.017	0.
-16.0422	258.269	0.
-16.0056	258.52	0.
-15.968	258.772	0.
-15.9296	259.024	0.
-15.8902	259.276	0.
-15.8499	259.529	0.
-15.8087	259.781	0.
-15.7667	260.033	0.
-15.7237	260.286	0.
-15.6799	260.539	0.
-15.6353	260.791	0.
-15.5898	261.044	0.
-15.5434	261.297	0.
-15.4963	261.551	0.
-15.4483	261.804	0.
-15.3995	262.058	0.
-15.3499	262.311	0.
-15.2995	262.565	0.
-15.2483	262.819	0.
-15.1964	263.073	0.
-15.1437	263.328	0.
-15.0902	263.582	0.
-15.036	263.837	0.
-14.9811	264.091	0.
-14.9254	264.346	0.
-14.869	264.602	0.
-14.8119	264.857	0.
-14.7542	265.113	0.
-14.6957	265.368	0.
-14.6366	265.624	0.
-14.5767	265.88	0.
-14.5163	266.137	0.
-14.4551	266.393	0.
-14.3934	266.65	0.
-14.331	266.907	0.
-14.268	267.164	0.
-14.2043	267.421	0.
-14.1401	267.679	0.
-14.0753	267.936	0.
-14.0099	268.194	0.
-13.9439	268.453	0.
-13.8773	268.711	0.
-13.8102	268.97	0.
-13.7426	269.229	0.
-13.6744	269.488	0.
-13.6057	269.747	0.
-13.5364	270.007	0.
-13.4667	270.267	0.
-13.3964	270.527	0.
-13.3257	270.787	0.
-13.2545	271.048	0.
-13.1828	271.309	0.
-13.1106	271.57	0.
-13.038	271.831	0.
-12.965	272.093	0.
-12.8915	272.355	0.
-12.8176	272.617	0.
-12.7432	272.88	0.
-12.6685	273.142	0.
-12.5934	273.406	0.
-12.5178	273.669	0.
-12.442	273.933	0.
-12.3657	274.197	0.
-12.2891	274.461	0.
-12.2121	274.725	0.
-12.1348	274.99	0.
-12.0571	275.255	0.
-11.9792	275.521	0.
-11.9009	275.787	0.
-11.8223	276.053	0.
-11.7434	276.319	0.
-11.6643	276.586	0.
-11.5848	276.853	0.
-11.5051	277.12	0.
-11.4252	277.388	0.
-11.345	277.656	0.
-11.2645	277.924	0.
-11.1839	278.193	0.
-11.103	278.462	0.
-11.0219	278.732	0.
-10.9406	279.002	0.
-10.8591	279.272	0.
-10.7774	279.542	0.
-10.6956	279.813	0.
-10.6136	280.084	0.
-10.5314	280.356	0.
-10.4491	280.628	0.
-10.3667	280.9	0.
-10.2841	281.173	0.
-10.2014	281.446	0.
-10.1186	281.719	0.
-10.0358	281.993	0.
-9.9528	282.267	0.
-9.86975	282.542	0.
-9.78664	282.817	0.
-9.70347	283.092	0.
-9.62024	283.368	0.
-9.53698	283.644	0.
-9.45368	283.921	0.
-9.37037	284.198	0.
-9.28704	284.475	0.
-9.2037	284.753	0.
-9.12038	285.031	0.
-9.03707	285.31	0.
-8.95378	285.589	0.
-8.87053	285.869	0.
-8.78732	286.149	0.
-8.70417	286.429	0.
-8.62107	286.71	0.
-8.53805	286.991	0.
-8.45511	287.273	0.
-8.37227	287.555	0.
-8.28952	287.838	0.
-8.20688	288.121	0.
-8.12436	288.404	0.
-8.04197	288.688	0.
-7.95971	288.973	0.
-7.8776	289.258	0.
-7.79565	289.543	0.
-7.71387	289.829	0.
-7.63226	290.115	0.
-7.55083	290.402	0.
-7.4696	290.69	0.
-7.38857	290.977	0.
-7.30775	291.266	0.
-7.22715	291.554	0.
-7.14679	291.844	0.
-7.06667	292.133	0.
-6.98679	292.424	0.
-6.90718	292.714	0.
-6.82783	293.006	0.
-6.74877	293.297	0.
-6.66999	293.59	0.
-6.5915	293.882	0.
-6.51333	294.176	0.
-6.43547	294.47	0.
-6.35793	294.764	0.
-6.28073	295.059	0.
-6.20387	295.354	0.
-6.12737	295.65	0.
-6.05122	295.947	0.
-5.97545	296.244	0.
-5.90006	296.541	0.
-5.82507	296.839	0.
-5.75047	297.138	0.
-5.67628	297.437	0.
-5.60251	297.737	0.
-5.52917	298.038	0.
-5.45626	298.338	0.
-5.3838	298.64	0.
-5.3118	298.942	0.
-5.24027	299.245	0.
-5.16921	299.548	0.
-5.09863	299.851	0.
-5.02855	300.156	0.
-4.95897	300.461	0.
-4.8899	300.766	0.
-4.82135	301.072	0.
-4.75334	301.379	0.
-4.68587	301.686	0.
-4.61894	301.994	0.
-4.55258	302.303	0.
-4.48678	302.612	0.
-4.42157	302.922	0.
-4.35694	303.232	0.
-4.2929	303.543	0.
-4.22948	303.854	0.
-4.16667	304.167	0.
-4.10448	304.479	0.
-4.04291	304.793	0.
-3.98197	305.107	0.
-3.92163	305.422	0.
-3.86191	305.737	0.
-3.8028	306.053	0.
-3.7443	306.37	0.
-3.6864	306.688	0.
-3.6291	307.006	0.
-3.5724	307.326	0.
-3.51629	307.645	0.
-3.46077	307.966	0.
-3.40583	308.288	0.
-3.35149	308.61	0.
-3.29772	308.933	0.
-3.24453	309.257	0.
-3.19192	309.582	0.
-3.13988	309.908	0.
-3.08841	310.235	0.
-3.0375	310.563	0.
-2.98716	310.891	0.
-2.93737	311.221	0.
-2.88814	311.551	0.
-2.83947	311.883	0.
-2.79134	312.215	0.
-2.74376	312.549	0.
-2.69673	312.883	0.
-2.65023	313.219	0.
-2.60428	313.555	0.
-2.55885	313.893	0.
-2.51396	314.232	0.
-2.4696	314.572	0.
-2.42576	314.913	0.
-2.38245	315.255	0.
-2.33965	315.599	0.
-2.29737	315.943	0.
-2.2556	316.289	0.
-2.21434	316.636	0.
-2.17358	316.984	0.
-2.13333	317.333	0.
-2.09358	317.684	0.
-2.05433	318.036	0.
-2.01557	318.389	0.
-1.9773	318.744	0.
-1.93952	319.099	0.
-1.90222	319.456	0.
-1.8654	319.815	0.
-1.82907	320.175	0.
-1.7932	320.536	0.
-1.75781	320.898	0.
-1.72289	321.262	0.
-1.68843	321.628	0.
-1.65444	321.995	0.
-1.6209	322.363	0.
-1.58783	322.733	0.
-1.5552	323.104	0.
-1.52302	323.477	0.
-1.4913	323.851	0.
-1.46001	324.227	0.
-1.42917	324.604	0.
-1.39876	324.983	0.
-1.36879	325.364	0.
-1.33925	325.746	0.
-1.31013	326.129	0.
-1.28145	326.515	0.
-1.25318	326.902	0.
-1.22533	327.29	0.
-1.1979	327.681	0.
-1.17088	328.072	0.
-1.14427	328.466	0.
-1.11807	328.862	0.
-1.09227	329.259	0.
-1.06687	329.658	0.
-1.04186	330.058	0.
-1.01725	330.461	0.
-0.993033	330.865	0.
-0.969202	331.271	0.
-0.945754	331.679	0.
-0.922688	332.088	0.
-0.9	332.5	0.
-0.877687	332.913	0.
-0.855746	333.329	0.
-0.834173	333.746	0.
-0.812967	334.165	0.
-0.792122	334.586	0.
-0.771637	335.009	0.
-0.751509	335.434	0.
-0.731733	335.861	0.
-0.712308	336.29	0.
-0.693229	336.721	0.
-0.674494	337.154	0.
-0.6561	337.59	0.
-0.638043	338.027	0.
-0.620321	338.466	0.
-0.60293	338.907	0.
-0.585867	339.351	0.
-0.569129	339.796	0.
-0.552712	340.244	0.
-0.536615	340.694	0.
-0.520833	341.146	0.
-0.505364	341.6	0.
-0.490204	342.056	0.
-0.475351	342.515	0.
-0.4608	342.976	0.
-0.446549	343.439	0.
-0.432596	343.905	0.
-0.418936	344.372	0.
-0.405567	344.842	0.
-0.392485	345.314	0.
-0.379687	345.789	0.
-0.367171	346.266	0.
-0.354933	346.745	0.
-0.34297	347.227	0.
-0.331279	347.711	0.
-0.319857	348.198	0.
-0.3087	348.687	0.
-0.297806	349.178	0.
-0.287171	349.672	0.
-0.276792	350.168	0.
-0.266667	350.667	0.
-0.256791	351.168	0.
-0.247162	351.672	0.
-0.237778	352.178	0.
-0.228633	352.687	0.
-0.219727	353.198	0.
-0.211054	353.712	0.
-0.202613	354.229	0.
-0.1944	354.748	0.
-0.186412	355.27	0.
-0.178646	355.794	0.
-0.171098	356.321	0.
-0.163767	356.851	0.
-0.156647	357.384	0.
-0.149737	357.919	0.
-0.143034	358.457	0.
-0.136533	358.997	0.
-0.130233	359.541	0.
-0.124129	360.087	0.
-0.118219	360.636	0.
-0.1125	361.188	0.
-0.106968	361.742	0.
-0.101621	362.299	0.
-9.64547e-002	362.86	0.
-9.14667e-002	363.423	0.
-8.66536e-002	363.989	0.
-8.20125e-002	364.557	0.
-7.75401e-002	365.129	0.
-7.32333e-002	365.704	0.
-6.90891e-002	366.281	0.
-6.51042e-002	366.862	0.
-6.12755e-002	367.445	0.
-5.76e-002	368.032	0.
-5.40745e-002	368.622	0.
-5.06958e-002	369.214	0.
-4.74609e-002	369.81	0.
-4.43667e-002	370.408	0.
-4.14099e-002	371.01	0.
-3.85875e-002	371.615	0.
-3.58964e-002	372.222	0.
-3.33333e-002	372.833	0.
-3.08953e-002	373.447	0.
-2.85792e-002	374.065	0.
-2.63818e-002	374.685	0.
-2.43e-002	375.309	0.
-2.23307e-002	375.935	0.
-2.04708e-002	376.565	0.
-1.87172e-002	377.198	0.
-1.70667e-002	377.835	0.
-1.55161e-002	378.474	0.
-1.40625e-002	379.117	0.
-1.27026e-002	379.763	0.
-1.14333e-002	380.413	0.
-1.02516e-002	381.066	0.
-9.15417e-003	381.722	0.
-8.13802e-003	382.381	0.
-7.2e-003	383.044	0.
-6.33698e-003	383.71	0.
-5.54583e-003	384.38	0.
-4.82344e-003	385.053	0.
-4.16667e-003	385.729	0.
-3.5724e-003	386.409	0.
-3.0375e-003	387.092	0.
-2.55885e-003	387.779	0.
-2.13333e-003	388.469	0.
-1.75781e-003	389.163	0.
-1.42917e-003	389.86	0.
-1.14427e-003	390.561	0.
-9.e-004	391.266	0.
-6.93229e-004	391.973	0.
-5.20833e-004	392.685	0.
-3.79687e-004	393.4	0.
-2.66667e-004	394.119	0.
-1.78646e-004	394.841	0.
-1.125e-004	395.567	0.
-6.51042e-005	396.297	0.
-3.33333e-005	397.03	0.
-1.40625e-005	397.767	0.
-4.16667e-006	398.507	0.
-5.20833e-007	399.252	0.
0.	400.	0.

