0.	-200.	0.
2.76042e-007	-199.626	0.
2.20833e-006	-199.254	0.
7.45312e-006	-198.883	0.
1.76667e-005	-198.515	0.
3.45052e-005	-198.148	0.
5.9625e-005	-197.783	0.
9.46823e-005	-197.42	0.
1.41333e-004	-197.059	0.
2.01234e-004	-196.7	0.
2.76042e-004	-196.342	0.
3.67411e-004	-195.987	0.
4.77e-004	-195.633	0.
6.06464e-004	-195.281	0.
7.57458e-004	-194.93	0.
9.31641e-004	-194.582	0.
1.13067e-003	-194.235	0.
1.35619e-003	-193.89	0.
1.60987e-003	-193.546	0.
1.89337e-003	-193.205	0.
2.20833e-003	-192.865	0.
2.55642e-003	-192.526	0.
2.93929e-003	-192.19	0.
3.3586e-003	-191.855	0.
3.816e-003	-191.522	0.
4.31315e-003	-191.191	0.
4.85171e-003	-190.861	0.
5.43333e-003	-190.533	0.
6.05967e-003	-190.206	0.
6.73238e-003	-189.882	0.
7.45312e-003	-189.559	0.
8.22356e-003	-189.237	0.
9.04533e-003	-188.917	0.
9.92011e-003	-188.599	0.
1.08495e-002	-188.283	0.
1.18353e-002	-187.968	0.
1.2879e-002	-187.654	0.
1.39823e-002	-187.342	0.
1.5147e-002	-187.032	0.
1.63745e-002	-186.724	0.
1.76667e-002	-186.417	0.
1.90251e-002	-186.111	0.
2.04514e-002	-185.807	0.
2.19472e-002	-185.505	0.
2.35143e-002	-185.204	0.
2.51543e-002	-184.905	0.
2.68688e-002	-184.607	0.
2.86595e-002	-184.311	0.
3.0528e-002	-184.016	0.
3.2476e-002	-183.723	0.
3.45052e-002	-183.431	0.
3.66172e-002	-183.141	0.
3.88137e-002	-182.852	0.
4.10963e-002	-182.565	0.
4.34666e-002	-182.279	0.
4.59264e-002	-181.994	0.
4.84773e-002	-181.711	0.
5.1121e-002	-181.43	0.
5.3859e-002	-181.15	0.
5.66932e-002	-180.871	0.
5.9625e-002	-180.594	0.
6.26562e-002	-180.318	0.
6.57885e-002	-180.043	0.
6.90234e-002	-179.77	0.
7.23627e-002	-179.499	0.
7.58079e-002	-179.228	0.
7.93609e-002	-178.959	0.
8.30231e-002	-178.692	0.
8.67963e-002	-178.426	0.
9.06822e-002	-178.161	0.
9.46823e-002	-177.897	0.
9.87983e-002	-177.635	0.
0.103032	-177.374	0.
0.107385	-177.114	0.
0.111859	-176.856	0.
0.116455	-176.599	0.
0.121176	-176.343	0.
0.126022	-176.089	0.
0.130996	-175.836	0.
0.136099	-175.584	0.
0.141333	-175.333	0.
0.1467	-175.084	0.
0.152201	-174.836	0.
0.157837	-174.589	0.
0.163611	-174.343	0.
0.169524	-174.099	0.
0.175578	-173.856	0.
0.181774	-173.614	0.
0.188115	-173.373	0.
0.194601	-173.133	0.
0.201234	-172.895	0.
0.208017	-172.657	0.
0.21495	-172.421	0.
0.222036	-172.186	0.
0.229276	-171.952	0.
0.236671	-171.72	0.
0.244224	-171.488	0.
0.251936	-171.258	0.
0.259808	-171.028	0.
0.267843	-170.8	0.
0.276042	-170.573	0.
0.284406	-170.347	0.
0.292938	-170.122	0.
0.301638	-169.898	0.
0.310509	-169.675	0.
0.319553	-169.454	0.
0.32877	-169.233	0.
0.338163	-169.013	0.
0.347733	-168.795	0.
0.357482	-168.577	0.
0.367411	-168.361	0.
0.377523	-168.145	0.
0.387819	-167.931	0.
0.3983	-167.717	0.
0.408968	-167.505	0.
0.419825	-167.293	0.
0.430872	-167.083	0.
0.442112	-166.873	0.
0.453545	-166.664	0.
0.465174	-166.457	0.
0.477	-166.25	0.
0.489025	-166.044	0.
0.50125	-165.839	0.
0.513677	-165.635	0.
0.526308	-165.432	0.
0.539144	-165.23	0.
0.552187	-165.029	0.
0.565439	-164.829	0.
0.578901	-164.629	0.
0.592576	-164.431	0.
0.606464	-164.233	0.
0.620567	-164.036	0.
0.634887	-163.84	0.
0.649426	-163.645	0.
0.664185	-163.451	0.
0.679166	-163.257	0.
0.694371	-163.065	0.
0.709801	-162.873	0.
0.725457	-162.682	0.
0.741343	-162.492	0.
0.757458	-162.302	0.
0.773806	-162.113	0.
0.790387	-161.926	0.
0.807203	-161.738	0.
0.824256	-161.552	0.
0.841548	-161.366	0.
0.859079	-161.181	0.
0.876853	-160.997	0.
0.89487	-160.814	0.
0.913132	-160.631	0.
0.931641	-160.449	0.
0.950398	-160.268	0.
0.969405	-160.087	0.
0.988664	-159.907	0.
1.00818	-159.728	0.
1.02794	-159.55	0.
1.04797	-159.372	0.
1.06825	-159.195	0.
1.08879	-159.018	0.
1.1096	-158.842	0.
1.13067	-158.667	0.
1.152	-158.492	0.
1.1736	-158.318	0.
1.19547	-158.144	0.
1.2176	-157.972	0.
1.24001	-157.799	0.
1.2627	-157.628	0.
1.28565	-157.457	0.
1.30889	-157.286	0.
1.3324	-157.116	0.
1.35619	-156.947	0.
1.38027	-156.778	0.
1.40462	-156.609	0.
1.42927	-156.442	0.
1.45419	-156.274	0.
1.47941	-156.108	0.
1.50492	-155.941	0.
1.53072	-155.776	0.
1.55681	-155.61	0.
1.58319	-155.446	0.
1.60987	-155.281	0.
1.63686	-155.117	0.
1.66414	-154.954	0.
1.69172	-154.791	0.
1.7196	-154.629	0.
1.74779	-154.467	0.
1.77629	-154.305	0.
1.80509	-154.144	0.
1.83421	-153.983	0.
1.86363	-153.823	0.
1.89337	-153.663	0.
1.92342	-153.503	0.
1.95379	-153.344	0.
1.98448	-153.185	0.
2.01549	-153.027	0.
2.04681	-152.869	0.
2.07847	-152.711	0.
2.11044	-152.554	0.
2.14274	-152.396	0.
2.17537	-152.24	0.
2.20833	-152.083	0.
2.24162	-151.927	0.
2.27524	-151.771	0.
2.30918	-151.616	0.
2.34345	-151.461	0.
2.37803	-151.306	0.
2.41292	-151.151	0.
2.44813	-150.997	0.
2.48364	-150.843	0.
2.51945	-150.69	0.
2.55557	-150.536	0.
2.59198	-150.383	0.
2.62868	-150.23	0.
2.66568	-150.078	0.
2.70296	-149.926	0.
2.74052	-149.774	0.
2.77837	-149.622	0.
2.81648	-149.471	0.
2.85487	-149.32	0.
2.89353	-149.169	0.
2.93246	-149.019	0.
2.97164	-148.869	0.
3.01109	-148.719	0.
3.05079	-148.569	0.
3.09074	-148.42	0.
3.13094	-148.271	0.
3.17138	-148.122	0.
3.21207	-147.973	0.
3.25299	-147.825	0.
3.29415	-147.677	0.
3.33554	-147.529	0.
3.37715	-147.382	0.
3.41899	-147.235	0.
3.46105	-147.088	0.
3.50332	-146.941	0.
3.54581	-146.795	0.
3.58851	-146.649	0.
3.63142	-146.503	0.
3.67452	-146.357	0.
3.71783	-146.212	0.
3.76133	-146.067	0.
3.80503	-145.922	0.
3.84891	-145.777	0.
3.89298	-145.633	0.
3.93724	-145.489	0.
3.98167	-145.345	0.
4.02627	-145.201	0.
4.07105	-145.058	0.
4.116	-144.915	0.
4.16111	-144.772	0.
4.20638	-144.629	0.
4.25181	-144.486	0.
4.29739	-144.344	0.
4.34313	-144.202	0.
4.38901	-144.06	0.
4.43504	-143.919	0.
4.48121	-143.778	0.
4.52751	-143.637	0.
4.57395	-143.496	0.
4.62051	-143.355	0.
4.66721	-143.215	0.
4.71403	-143.074	0.
4.76096	-142.934	0.
4.80802	-142.795	0.
4.85518	-142.655	0.
4.90246	-142.516	0.
4.94984	-142.377	0.
4.99732	-142.238	0.
5.0449	-142.099	0.
5.09258	-141.96	0.
5.14035	-141.822	0.
5.18821	-141.684	0.
5.23615	-141.546	0.
5.28417	-141.408	0.
5.33228	-141.271	0.
5.38045	-141.134	0.
5.4287	-140.997	0.
5.47702	-140.86	0.
5.5254	-140.723	0.
5.57384	-140.586	0.
5.62233	-140.45	0.
5.67088	-140.314	0.
5.71949	-140.178	0.
5.76813	-140.042	0.
5.81683	-139.906	0.
5.86556	-139.771	0.
5.91433	-139.636	0.
5.96313	-139.501	0.
6.01196	-139.366	0.
6.06081	-139.231	0.
6.10969	-139.097	0.
6.15859	-138.962	0.
6.2075	-138.828	0.
6.25643	-138.694	0.
6.30536	-138.56	0.
6.3543	-138.426	0.
6.40325	-138.293	0.
6.45218	-138.16	0.
6.50112	-138.026	0.
6.55004	-137.893	0.
6.59896	-137.76	0.
6.64786	-137.628	0.
6.69673	-137.495	0.
6.74559	-137.363	0.
6.79442	-137.23	0.
6.84322	-137.098	0.
6.89199	-136.966	0.
6.94072	-136.834	0.
6.98941	-136.703	0.
7.03806	-136.571	0.
7.08666	-136.44	0.
7.13521	-136.309	0.
7.18371	-136.177	0.
7.23215	-136.046	0.
7.28053	-135.916	0.
7.32884	-135.785	0.
7.37709	-135.654	0.
7.42527	-135.524	0.
7.47337	-135.394	0.
7.52139	-135.263	0.
7.56933	-135.133	0.
7.61719	-135.003	0.
7.66496	-134.874	0.
7.71264	-134.744	0.
7.76022	-134.614	0.
7.8077	-134.485	0.
7.85508	-134.356	0.
7.90235	-134.226	0.
7.94952	-134.097	0.
7.99657	-133.968	0.
8.04351	-133.839	0.
8.09032	-133.711	0.
8.13701	-133.582	0.
8.18358	-133.453	0.
8.23002	-133.325	0.
8.27632	-133.197	0.
8.32249	-133.068	0.
8.36851	-132.94	0.
8.41439	-132.812	0.
8.46013	-132.684	0.
8.50571	-132.556	0.
8.55114	-132.428	0.
8.59641	-132.301	0.
8.64152	-132.173	0.
8.68646	-132.046	0.
8.73124	-131.918	0.
8.77584	-131.791	0.
8.82027	-131.664	0.
8.86452	-131.537	0.
8.90859	-131.41	0.
8.95247	-131.283	0.
8.99617	-131.156	0.
9.03967	-131.029	0.
9.08297	-130.902	0.
9.12608	-130.775	0.
9.16898	-130.649	0.
9.21168	-130.522	0.
9.25417	-130.396	0.
9.29644	-130.269	0.
9.3385	-130.143	0.
9.38033	-130.017	0.
9.42195	-129.89	0.
9.46333	-129.764	0.
9.50449	-129.638	0.
9.54541	-129.512	0.
9.58609	-129.386	0.
9.62653	-129.26	0.
9.66673	-129.134	0.
9.70668	-129.009	0.
9.74637	-128.883	0.
9.78582	-128.757	0.
9.825	-128.631	0.
9.86392	-128.506	0.
9.90258	-128.38	0.
9.94097	-128.255	0.
9.97909	-128.129	0.
10.0169	-128.004	0.
10.0545	-127.878	0.
10.0918	-127.753	0.
10.1288	-127.627	0.
10.1655	-127.502	0.
10.2019	-127.377	0.
10.238	-127.252	0.
10.2738	-127.126	0.
10.3093	-127.001	0.
10.3445	-126.876	0.
10.3794	-126.751	0.
10.414	-126.626	0.
10.4482	-126.5	0.
10.4822	-126.375	0.
10.5158	-126.25	0.
10.5491	-126.125	0.
10.582	-126.	0.
10.6147	-125.875	0.
10.6469	-125.75	0.
10.6789	-125.625	0.
10.7105	-125.5	0.
10.7417	-125.375	0.
10.7726	-125.25	0.
10.8032	-125.125	0.
10.8333	-125.	0.
10.8333	-125.	0.
10.8632	-124.875	0.
10.8926	-124.75	0.
10.9217	-124.625	0.
10.9504	-124.5	0.
10.9788	-124.375	0.
11.0068	-124.25	0.
11.0345	-124.125	0.
11.0618	-124.	0.
11.0887	-123.875	0.
11.1153	-123.75	0.
11.1415	-123.625	0.
11.1674	-123.5	0.
11.1929	-123.375	0.
11.218	-123.25	0.
11.2428	-123.125	0.
11.2673	-123.	0.
11.2913	-122.875	0.
11.3151	-122.75	0.
11.3384	-122.625	0.
11.3615	-122.5	0.
11.3841	-122.375	0.
11.4064	-122.25	0.
11.4284	-122.125	0.
11.45	-122.	0.
11.4713	-121.875	0.
11.4922	-121.75	0.
11.5127	-121.625	0.
11.5329	-121.5	0.
11.5528	-121.375	0.
11.5723	-121.25	0.
11.5915	-121.125	0.
11.6103	-121.	0.
11.6288	-120.875	0.
11.6469	-120.75	0.
11.6647	-120.625	0.
11.6821	-120.5	0.
11.6992	-120.375	0.
11.7159	-120.25	0.
11.7323	-120.125	0.
11.7483	-120.	0.
11.764	-119.875	0.
11.7794	-119.75	0.
11.7944	-119.625	0.
11.8091	-119.5	0.
11.8234	-119.375	0.
11.8374	-119.25	0.
11.8511	-119.125	0.
11.8644	-119.	0.
11.8773	-118.875	0.
11.89	-118.75	0.
11.9023	-118.625	0.
11.9142	-118.5	0.
11.9258	-118.375	0.
11.9371	-118.25	0.
11.948	-118.125	0.
11.9587	-118.	0.
11.9689	-117.875	0.
11.9789	-117.75	0.
11.9884	-117.625	0.
11.9977	-117.5	0.
12.0066	-117.375	0.
12.0152	-117.25	0.
12.0235	-117.125	0.
12.0314	-117.	0.
12.039	-116.875	0.
12.0463	-116.75	0.
12.0532	-116.625	0.
12.0598	-116.5	0.
12.0661	-116.375	0.
12.072	-116.25	0.
12.0776	-116.125	0.
12.0829	-116.	0.
12.0878	-115.875	0.
12.0925	-115.75	0.
12.0968	-115.625	0.
12.1007	-115.5	0.
12.1044	-115.375	0.
12.1077	-115.25	0.
12.1107	-115.125	0.
12.1133	-115.	0.
12.1157	-114.875	0.
12.1177	-114.75	0.
12.1194	-114.625	0.
12.1207	-114.5	0.
12.1218	-114.375	0.
12.1225	-114.25	0.
12.1229	-114.125	0.
12.123	-114.	0.
12.1227	-113.875	0.
12.1222	-113.75	0.
12.1213	-113.625	0.
12.1201	-113.5	0.
12.1185	-113.375	0.
12.1167	-113.25	0.
12.1145	-113.125	0.
12.1121	-113.	0.
12.1093	-112.875	0.
12.1061	-112.75	0.
12.1027	-112.625	0.
12.099	-112.5	0.
12.0949	-112.375	0.
12.0905	-112.25	0.
12.0858	-112.125	0.
12.0808	-112.	0.
12.0755	-111.875	0.
12.0699	-111.75	0.
12.0639	-111.625	0.
12.0576	-111.5	0.
12.0511	-111.375	0.
12.0442	-111.25	0.
12.037	-111.125	0.
12.0295	-111.	0.
12.0217	-110.875	0.
12.0136	-110.75	0.
12.0051	-110.625	0.
11.9964	-110.5	0.
11.9873	-110.375	0.
11.978	-110.25	0.
11.9683	-110.125	0.
11.9583	-110.	0.
11.9481	-109.875	0.
11.9375	-109.75	0.
11.9266	-109.625	0.
11.9154	-109.5	0.
11.9039	-109.375	0.
11.8921	-109.25	0.
11.88	-109.125	0.
11.8676	-109.	0.
11.8549	-108.875	0.
11.8418	-108.75	0.
11.8285	-108.625	0.
11.8149	-108.5	0.
11.801	-108.375	0.
11.7868	-108.25	0.
11.7723	-108.125	0.
11.7575	-108.	0.
11.7423	-107.875	0.
11.7269	-107.75	0.
11.7112	-107.625	0.
11.6952	-107.5	0.
11.6789	-107.375	0.
11.6623	-107.25	0.
11.6454	-107.125	0.
11.6282	-107.	0.
11.6107	-106.875	0.
11.5929	-106.75	0.
11.5749	-106.625	0.
11.5565	-106.5	0.
11.5378	-106.375	0.
11.5189	-106.25	0.
11.4996	-106.125	0.
11.4801	-106.	0.
11.4603	-105.875	0.
11.4401	-105.75	0.
11.4197	-105.625	0.
11.399	-105.5	0.
11.378	-105.375	0.
11.3568	-105.25	0.
11.3352	-105.125	0.
11.3133	-105.	0.
11.2912	-104.875	0.
11.2688	-104.75	0.
11.246	-104.625	0.
11.223	-104.5	0.
11.1997	-104.375	0.
11.1762	-104.25	0.
11.1523	-104.125	0.
11.1282	-104.	0.
11.1037	-103.875	0.
11.079	-103.75	0.
11.054	-103.625	0.
11.0288	-103.5	0.
11.0032	-103.375	0.
10.9774	-103.25	0.
10.9513	-103.125	0.
10.9249	-103.	0.
10.8982	-102.875	0.
10.8712	-102.75	0.
10.844	-102.625	0.
10.8165	-102.5	0.
10.7887	-102.375	0.
10.7606	-102.25	0.
10.7322	-102.125	0.
10.7036	-102.	0.
10.6747	-101.875	0.
10.6455	-101.75	0.
10.6161	-101.625	0.
10.5863	-101.5	0.
10.5563	-101.375	0.
10.5261	-101.25	0.
10.4955	-101.125	0.
10.4647	-101.	0.
10.4336	-100.875	0.
10.4022	-100.75	0.
10.3706	-100.625	0.
10.3387	-100.5	0.
10.3065	-100.375	0.
10.274	-100.25	0.
10.2413	-100.125	0.
10.2083	-100.	0.
10.2083	-100.	0.
10.1751	-99.875	0.
10.1415	-99.75	0.
10.1078	-99.625	0.
10.0737	-99.5	0.
10.0394	-99.375	0.
10.0048	-99.25	0.
9.97004	-99.125	0.
9.93498	-99.	0.
9.89967	-98.875	0.
9.86412	-98.75	0.
9.82833	-98.625	0.
9.7923	-98.5	0.
9.75604	-98.375	0.
9.71955	-98.25	0.
9.68282	-98.125	0.
9.64587	-98.	0.
9.6087	-97.875	0.
9.57131	-97.75	0.
9.5337	-97.625	0.
9.49587	-97.5	0.
9.45784	-97.375	0.
9.41959	-97.25	0.
9.38114	-97.125	0.
9.34249	-97.	0.
9.30363	-96.875	0.
9.26458	-96.75	0.
9.22533	-96.625	0.
9.18589	-96.5	0.
9.14626	-96.375	0.
9.10644	-96.25	0.
9.06644	-96.125	0.
9.02626	-96.	0.
8.98591	-95.875	0.
8.94537	-95.75	0.
8.90467	-95.625	0.
8.8638	-95.5	0.
8.82276	-95.375	0.
8.78155	-95.25	0.
8.74019	-95.125	0.
8.69867	-95.	0.
8.65699	-94.875	0.
8.61516	-94.75	0.
8.57318	-94.625	0.
8.53106	-94.5	0.
8.48879	-94.375	0.
8.44638	-94.25	0.
8.40383	-94.125	0.
8.36115	-94.	0.
8.31833	-93.875	0.
8.27539	-93.75	0.
8.23232	-93.625	0.
8.18913	-93.5	0.
8.14581	-93.375	0.
8.10238	-93.25	0.
8.05883	-93.125	0.
8.01517	-93.	0.
7.9714	-92.875	0.
7.92752	-92.75	0.
7.88354	-92.625	0.
7.83946	-92.5	0.
7.79528	-92.375	0.
7.751	-92.25	0.
7.70664	-92.125	0.
7.66218	-92.	0.
7.61763	-91.875	0.
7.57301	-91.75	0.
7.5283	-91.625	0.
7.48351	-91.5	0.
7.43865	-91.375	0.
7.39371	-91.25	0.
7.34871	-91.125	0.
7.30364	-91.	0.
7.2585	-90.875	0.
7.2133	-90.75	0.
7.16805	-90.625	0.
7.12274	-90.5	0.
7.07738	-90.375	0.
7.03196	-90.25	0.
6.9865	-90.125	0.
6.941	-90.	0.
6.89545	-89.875	0.
6.84987	-89.75	0.
6.80425	-89.625	0.
6.7586	-89.5	0.
6.71292	-89.375	0.
6.66721	-89.25	0.
6.62148	-89.125	0.
6.57572	-89.	0.
6.52995	-88.875	0.
6.48416	-88.75	0.
6.43836	-88.625	0.
6.39255	-88.5	0.
6.34673	-88.375	0.
6.30091	-88.25	0.
6.25508	-88.125	0.
6.20926	-88.	0.
6.16344	-87.875	0.
6.11763	-87.75	0.
6.07183	-87.625	0.
6.02604	-87.5	0.
5.98027	-87.375	0.
5.93451	-87.25	0.
5.88878	-87.125	0.
5.84307	-87.	0.
5.79739	-86.875	0.
5.75174	-86.75	0.
5.70612	-86.625	0.
5.66053	-86.5	0.
5.61499	-86.375	0.
5.56948	-86.25	0.
5.52402	-86.125	0.
5.47861	-86.	0.
5.43325	-85.875	0.
5.38794	-85.75	0.
5.34268	-85.625	0.
5.29748	-85.5	0.
5.25235	-85.375	0.
5.20727	-85.25	0.
5.16227	-85.125	0.
5.11733	-85.	0.
5.07247	-84.875	0.
5.02768	-84.75	0.
4.98297	-84.625	0.
4.93834	-84.5	0.
4.8938	-84.375	0.
4.84934	-84.25	0.
4.80497	-84.125	0.
4.7607	-84.	0.
4.71651	-83.875	0.
4.67243	-83.75	0.
4.62845	-83.625	0.
4.58457	-83.5	0.
4.5408	-83.375	0.
4.49714	-83.25	0.
4.45359	-83.125	0.
4.41015	-83.	0.
4.36684	-82.875	0.
4.32364	-82.75	0.
4.28057	-82.625	0.
4.23762	-82.5	0.
4.19481	-82.375	0.
4.15212	-82.25	0.
4.10958	-82.125	0.
4.06717	-82.	0.
4.0249	-81.875	0.
3.98277	-81.75	0.
3.94079	-81.625	0.
3.89896	-81.5	0.
3.85728	-81.375	0.
3.81576	-81.25	0.
3.77439	-81.125	0.
3.73318	-81.	0.
3.69214	-80.875	0.
3.65127	-80.75	0.
3.61056	-80.625	0.
3.57003	-80.5	0.
3.52967	-80.375	0.
3.48949	-80.25	0.
3.44948	-80.125	0.
3.40967	-80.	0.
3.37004	-79.875	0.
3.33059	-79.75	0.
3.29134	-79.625	0.
3.25229	-79.5	0.
3.21343	-79.375	0.
3.17477	-79.25	0.
3.13632	-79.125	0.
3.09807	-79.	0.
3.06003	-78.875	0.
3.0222	-78.75	0.
2.98459	-78.625	0.
2.9472	-78.5	0.
2.91002	-78.375	0.
2.87307	-78.25	0.
2.83634	-78.125	0.
2.79985	-78.	0.
2.76358	-77.875	0.
2.72755	-77.75	0.
2.69176	-77.625	0.
2.65621	-77.5	0.
2.6209	-77.375	0.
2.58584	-77.25	0.
2.55102	-77.125	0.
2.51646	-77.	0.
2.48215	-76.875	0.
2.4481	-76.75	0.
2.41431	-76.625	0.
2.38078	-76.5	0.
2.34752	-76.375	0.
2.31453	-76.25	0.
2.2818	-76.125	0.
2.24936	-76.	0.
2.21719	-75.875	0.
2.1853	-75.75	0.
2.15369	-75.625	0.
2.12237	-75.5	0.
2.09134	-75.375	0.
2.0606	-75.25	0.
2.03015	-75.125	0.
2.	-75.	0.
2.	-75.	0.
1.97015	-74.875	0.
1.9406	-74.75	0.
1.91134	-74.625	0.
1.88238	-74.5	0.
1.85372	-74.375	0.
1.82535	-74.25	0.
1.79726	-74.125	0.
1.76947	-74.	0.
1.74197	-73.875	0.
1.71475	-73.75	0.
1.68782	-73.625	0.
1.66117	-73.5	0.
1.6348	-73.375	0.
1.60871	-73.25	0.
1.58291	-73.125	0.
1.55738	-73.	0.
1.53212	-72.875	0.
1.50714	-72.75	0.
1.48244	-72.625	0.
1.458	-72.5	0.
1.43383	-72.375	0.
1.40994	-72.25	0.
1.38631	-72.125	0.
1.36294	-72.	0.
1.33984	-71.875	0.
1.31701	-71.75	0.
1.29443	-71.625	0.
1.27211	-71.5	0.
1.25005	-71.375	0.
1.22825	-71.25	0.
1.2067	-71.125	0.
1.18541	-71.	0.
1.16437	-70.875	0.
1.14357	-70.75	0.
1.12303	-70.625	0.
1.10274	-70.5	0.
1.08269	-70.375	0.
1.06288	-70.25	0.
1.04332	-70.125	0.
1.024	-70.	0.
1.00492	-69.875	0.
0.986078	-69.75	0.
0.967473	-69.625	0.
0.949104	-69.5	0.
0.930969	-69.375	0.
0.913066	-69.25	0.
0.895394	-69.125	0.
0.877952	-69.	0.
0.860738	-68.875	0.
0.84375	-68.75	0.
0.826987	-68.625	0.
0.810448	-68.5	0.
0.794131	-68.375	0.
0.778034	-68.25	0.
0.762156	-68.125	0.
0.746496	-68.	0.
0.731052	-67.875	0.
0.715822	-67.75	0.
0.700805	-67.625	0.
0.686	-67.5	0.
0.671405	-67.375	0.
0.657018	-67.25	0.
0.642838	-67.125	0.
0.628864	-67.	0.
0.615094	-66.875	0.
0.601526	-66.75	0.
0.588159	-66.625	0.
0.574992	-66.5	0.
0.562023	-66.375	0.
0.54925	-66.25	0.
0.536672	-66.125	0.
0.524288	-66.	0.
0.512096	-65.875	0.
0.500094	-65.75	0.
0.488281	-65.625	0.
0.476656	-65.5	0.
0.465217	-65.375	0.
0.453962	-65.25	0.
0.44289	-65.125	0.
0.432	-65.	0.
0.42129	-64.875	0.
0.410758	-64.75	0.
0.400403	-64.625	0.
0.390224	-64.5	0.
0.380219	-64.375	0.
0.370386	-64.25	0.
0.360724	-64.125	0.
0.351232	-64.	0.
0.341908	-63.875	0.
0.33275	-63.75	0.
0.323757	-63.625	0.
0.314928	-63.5	0.
0.306261	-63.375	0.
0.297754	-63.25	0.
0.289406	-63.125	0.
0.281216	-63.	0.
0.273182	-62.875	0.
0.265302	-62.75	0.
0.257575	-62.625	0.
0.25	-62.5	0.
0.242575	-62.375	0.
0.235298	-62.25	0.
0.228168	-62.125	0.
0.221184	-62.	0.
0.214344	-61.875	0.
0.207646	-61.75	0.
0.201089	-61.625	0.
0.194672	-61.5	0.
0.188393	-61.375	0.
0.18225	-61.25	0.
0.176242	-61.125	0.
0.170368	-61.	0.
0.164626	-60.875	0.
0.159014	-60.75	0.
0.153531	-60.625	0.
0.148176	-60.5	0.
0.142947	-60.375	0.
0.137842	-60.25	0.
0.13286	-60.125	0.
0.128	-60.	0.
0.12326	-59.875	0.
0.118638	-59.75	0.
0.114133	-59.625	0.
0.109744	-59.5	0.
0.105469	-59.375	0.
0.101306	-59.25	0.
9.72542e-002	-59.125	0.
9.3312e-002	-59.	0.
8.94777e-002	-58.875	0.
8.575e-002	-58.75	0.
8.21272e-002	-58.625	0.
7.8608e-002	-58.5	0.
7.51907e-002	-58.375	0.
7.1874e-002	-58.25	0.
6.86562e-002	-58.125	0.
6.5536e-002	-58.	0.
6.25117e-002	-57.875	0.
5.9582e-002	-57.75	0.
5.67452e-002	-57.625	0.
5.4e-002	-57.5	0.
5.13447e-002	-57.375	0.
4.8778e-002	-57.25	0.
4.62982e-002	-57.125	0.
4.3904e-002	-57.	0.
4.15937e-002	-56.875	0.
3.9366e-002	-56.75	0.
3.72192e-002	-56.625	0.
3.5152e-002	-56.5	0.
3.31627e-002	-56.375	0.
3.125e-002	-56.25	0.
2.94122e-002	-56.125	0.
2.7648e-002	-56.	0.
2.59557e-002	-55.875	0.
2.4334e-002	-55.75	0.
2.27812e-002	-55.625	0.
2.1296e-002	-55.5	0.
1.98767e-002	-55.375	0.
1.8522e-002	-55.25	0.
1.72302e-002	-55.125	0.
1.6e-002	-55.	0.
1.48297e-002	-54.875	0.
1.3718e-002	-54.75	0.
1.26632e-002	-54.625	0.
1.1664e-002	-54.5	0.
1.07187e-002	-54.375	0.
9.826e-003	-54.25	0.
8.98425e-003	-54.125	0.
8.192e-003	-54.	0.
7.44775e-003	-53.875	0.
6.75e-003	-53.75	0.
6.09725e-003	-53.625	0.
5.488e-003	-53.5	0.
4.92075e-003	-53.375	0.
4.394e-003	-53.25	0.
3.90625e-003	-53.125	0.
3.456e-003	-53.	0.
3.04175e-003	-52.875	0.
2.662e-003	-52.75	0.
2.31525e-003	-52.625	0.
2.e-003	-52.5	0.
1.71475e-003	-52.375	0.
1.458e-003	-52.25	0.
1.22825e-003	-52.125	0.
1.024e-003	-52.	0.
8.4375e-004	-51.875	0.
6.86e-004	-51.75	0.
5.4925e-004	-51.625	0.
4.32e-004	-51.5	0.
3.3275e-004	-51.375	0.
2.5e-004	-51.25	0.
1.8225e-004	-51.125	0.
1.28e-004	-51.	0.
8.575e-005	-50.875	0.
5.4e-005	-50.75	0.
3.125e-005	-50.625	0.
1.6e-005	-50.5	0.
6.75e-006	-50.375	0.
2.e-006	-50.25	0.
2.5e-007	-50.125	0.
1.93715e-041	-50.	0.
0.	-50.	0.
2.55208e-007	-49.875	0.
2.04167e-006	-49.75	0.
6.89062e-006	-49.625	0.
1.63333e-005	-49.5	0.
3.1901e-005	-49.375	0.
5.5125e-005	-49.25	0.
8.75365e-005	-49.125	0.
1.30667e-004	-49.	0.
1.86047e-004	-48.875	0.
2.55208e-004	-48.75	0.
3.39682e-004	-48.625	0.
4.41e-004	-48.5	0.
5.60693e-004	-48.375	0.
7.00292e-004	-48.25	0.
8.61328e-004	-48.125	0.
1.04533e-003	-48.	0.
1.25384e-003	-47.875	0.
1.48837e-003	-47.75	0.
1.75047e-003	-47.625	0.
2.04167e-003	-47.5	0.
2.36348e-003	-47.375	0.
2.71746e-003	-47.25	0.
3.10512e-003	-47.125	0.
3.528e-003	-47.	0.
3.98763e-003	-46.875	0.
4.48554e-003	-46.75	0.
5.02327e-003	-46.625	0.
5.60233e-003	-46.5	0.
6.22428e-003	-46.375	0.
6.89062e-003	-46.25	0.
7.60291e-003	-46.125	0.
8.36267e-003	-46.	0.
9.17142e-003	-45.875	0.
1.00307e-002	-45.75	0.
1.09421e-002	-45.625	0.
1.1907e-002	-45.5	0.
1.29271e-002	-45.375	0.
1.40038e-002	-45.25	0.
1.51387e-002	-45.125	0.
1.63333e-002	-45.	0.
1.75892e-002	-44.875	0.
1.89079e-002	-44.75	0.
2.02908e-002	-44.625	0.
2.17397e-002	-44.5	0.
2.32559e-002	-44.375	0.
2.4841e-002	-44.25	0.
2.64965e-002	-44.125	0.
2.8224e-002	-44.	0.
3.0025e-002	-43.875	0.
3.1901e-002	-43.75	0.
3.38536e-002	-43.625	0.
3.58843e-002	-43.5	0.
3.79947e-002	-43.375	0.
4.01861e-002	-43.25	0.
4.24603e-002	-43.125	0.
4.48187e-002	-43.	0.
4.72628e-002	-42.875	0.
4.97942e-002	-42.75	0.
5.24144e-002	-42.625	0.
5.5125e-002	-42.5	0.
5.79274e-002	-42.375	0.
6.08233e-002	-42.25	0.
6.38141e-002	-42.125	0.
6.69013e-002	-42.	0.
7.00866e-002	-41.875	0.
7.33714e-002	-41.75	0.
7.67572e-002	-41.625	0.
8.02457e-002	-41.5	0.
8.38382e-002	-41.375	0.
8.75365e-002	-41.25	0.
9.13419e-002	-41.125	0.
9.5256e-002	-41.	0.
9.92804e-002	-40.875	0.
0.103417	-40.75	0.
0.107666	-40.625	0.
0.11203	-40.5	0.
0.116511	-40.375	0.
0.12111	-40.25	0.
0.125828	-40.125	0.
0.130667	-40.	0.
0.135628	-39.875	0.
0.140714	-39.75	0.
0.145925	-39.625	0.
0.151263	-39.5	0.
0.15673	-39.375	0.
0.162327	-39.25	0.
0.168055	-39.125	0.
0.173917	-39.	0.
0.179914	-38.875	0.
0.186047	-38.75	0.
0.192318	-38.625	0.
0.198728	-38.5	0.
0.205279	-38.375	0.
0.211972	-38.25	0.
0.218809	-38.125	0.
0.225792	-38.	0.
0.232922	-37.875	0.
0.2402	-37.75	0.
0.247628	-37.625	0.
0.255208	-37.5	0.
0.262941	-37.375	0.
0.270829	-37.25	0.
0.278873	-37.125	0.
0.287075	-37.	0.
0.295436	-36.875	0.
0.303957	-36.75	0.
0.312641	-36.625	0.
0.321489	-36.5	0.
0.330502	-36.375	0.
0.339682	-36.25	0.
0.349031	-36.125	0.
0.358549	-36.	0.
0.368239	-35.875	0.
0.378102	-35.75	0.
0.38814	-35.625	0.
0.398354	-35.5	0.
0.408745	-35.375	0.
0.419315	-35.25	0.
0.430067	-35.125	0.
0.441	-35.	0.
0.452117	-34.875	0.
0.46342	-34.75	0.
0.474909	-34.625	0.
0.486586	-34.5	0.
0.498454	-34.375	0.
0.510513	-34.25	0.
0.522764	-34.125	0.
0.535211	-34.	0.
0.547853	-33.875	0.
0.560693	-33.75	0.
0.573732	-33.625	0.
0.586971	-33.5	0.
0.600413	-33.375	0.
0.614058	-33.25	0.
0.627908	-33.125	0.
0.641965	-33.	0.
0.656231	-32.875	0.
0.670706	-32.75	0.
0.685392	-32.625	0.
0.700292	-32.5	0.
0.715405	-32.375	0.
0.730735	-32.25	0.
0.746282	-32.125	0.
0.762048	-32.	0.
0.778034	-31.875	0.
0.794243	-31.75	0.
0.810675	-31.625	0.
0.827332	-31.5	0.
0.844216	-31.375	0.
0.861328	-31.25	0.
0.87867	-31.125	0.
0.896243	-31.	0.
0.914048	-30.875	0.
0.932088	-30.75	0.
0.950364	-30.625	0.
0.968877	-30.5	0.
0.987629	-30.375	0.
1.00662	-30.25	0.
1.02586	-30.125	0.
1.04533	-30.	0.
1.06506	-29.875	0.
1.08503	-29.75	0.
1.10524	-29.625	0.
1.12571	-29.5	0.
1.14643	-29.375	0.
1.1674	-29.25	0.
1.18862	-29.125	0.
1.2101	-29.	0.
1.23184	-28.875	0.
1.25384	-28.75	0.
1.2761	-28.625	0.
1.29861	-28.5	0.
1.3214	-28.375	0.
1.34444	-28.25	0.
1.36776	-28.125	0.
1.39134	-28.	0.
1.41519	-27.875	0.
1.43931	-27.75	0.
1.46371	-27.625	0.
1.48837	-27.5	0.
1.51332	-27.375	0.
1.53854	-27.25	0.
1.56404	-27.125	0.
1.58982	-27.	0.
1.61588	-26.875	0.
1.64223	-26.75	0.
1.66886	-26.625	0.
1.69578	-26.5	0.
1.72298	-26.375	0.
1.75047	-26.25	0.
1.77826	-26.125	0.
1.80634	-26.	0.
1.83471	-25.875	0.
1.86337	-25.75	0.
1.89234	-25.625	0.
1.9216	-25.5	0.
1.95116	-25.375	0.
1.98103	-25.25	0.
2.01119	-25.125	0.
2.04167	-25.	0.
2.04167	-25.	0.
2.07244	-24.875	0.
2.10353	-24.75	0.
2.13491	-24.625	0.
2.16658	-24.5	0.
2.19856	-24.375	0.
2.23082	-24.25	0.
2.26337	-24.125	0.
2.29621	-24.	0.
2.32933	-23.875	0.
2.36272	-23.75	0.
2.3964	-23.625	0.
2.43034	-23.5	0.
2.46456	-23.375	0.
2.49904	-23.25	0.
2.53379	-23.125	0.
2.5688	-23.	0.
2.60406	-22.875	0.
2.63958	-22.75	0.
2.67535	-22.625	0.
2.71137	-22.5	0.
2.74764	-22.375	0.
2.78415	-22.25	0.
2.8209	-22.125	0.
2.85788	-22.	0.
2.8951	-21.875	0.
2.93255	-21.75	0.
2.97023	-21.625	0.
3.00813	-21.5	0.
3.04625	-21.375	0.
3.08459	-21.25	0.
3.12314	-21.125	0.
3.16191	-21.	0.
3.20089	-20.875	0.
3.24007	-20.75	0.
3.27946	-20.625	0.
3.31905	-20.5	0.
3.35883	-20.375	0.
3.39881	-20.25	0.
3.43898	-20.125	0.
3.47933	-20.	0.
3.51988	-19.875	0.
3.5606	-19.75	0.
3.6015	-19.625	0.
3.64258	-19.5	0.
3.68383	-19.375	0.
3.72525	-19.25	0.
3.76684	-19.125	0.
3.80859	-19.	0.
3.85051	-18.875	0.
3.89258	-18.75	0.
3.9348	-18.625	0.
3.97718	-18.5	0.
4.01971	-18.375	0.
4.06238	-18.25	0.
4.10519	-18.125	0.
4.14814	-18.	0.
4.19123	-17.875	0.
4.23446	-17.75	0.
4.27781	-17.625	0.
4.32129	-17.5	0.
4.3649	-17.375	0.
4.40862	-17.25	0.
4.45247	-17.125	0.
4.49643	-17.	0.
4.5405	-16.875	0.
4.58468	-16.75	0.
4.62897	-16.625	0.
4.67336	-16.5	0.
4.71785	-16.375	0.
4.76244	-16.25	0.
4.80713	-16.125	0.
4.8519	-16.	0.
4.89676	-15.875	0.
4.94171	-15.75	0.
4.98673	-15.625	0.
5.03184	-15.5	0.
5.07703	-15.375	0.
5.12228	-15.25	0.
5.16761	-15.125	0.
5.213	-15.	0.
5.25846	-14.875	0.
5.30397	-14.75	0.
5.34955	-14.625	0.
5.39518	-14.5	0.
5.44086	-14.375	0.
5.48659	-14.25	0.
5.53236	-14.125	0.
5.57818	-14.	0.
5.62404	-13.875	0.
5.66993	-13.75	0.
5.71586	-13.625	0.
5.76182	-13.5	0.
5.8078	-13.375	0.
5.85381	-13.25	0.
5.89984	-13.125	0.
5.94589	-13.	0.
5.99195	-12.875	0.
6.03803	-12.75	0.
6.08412	-12.625	0.
6.13021	-12.5	0.
6.1763	-12.375	0.
6.2224	-12.25	0.
6.26849	-12.125	0.
6.31458	-12.	0.
6.36065	-11.875	0.
6.40672	-11.75	0.
6.45277	-11.625	0.
6.4988	-11.5	0.
6.54481	-11.375	0.
6.5908	-11.25	0.
6.63676	-11.125	0.
6.68269	-11.	0.
6.72858	-10.875	0.
6.77444	-10.75	0.
6.82026	-10.625	0.
6.86604	-10.5	0.
6.91177	-10.375	0.
6.95746	-10.25	0.
7.00309	-10.125	0.
7.04867	-10.	0.
7.09419	-9.875	0.
7.13965	-9.75	0.
7.18504	-9.625	0.
7.23037	-9.5	0.
7.27563	-9.375	0.
7.32082	-9.25	0.
7.36593	-9.125	0.
7.41097	-9.	0.
7.45592	-8.875	0.
7.50079	-8.75	0.
7.54557	-8.625	0.
7.59025	-8.5	0.
7.63485	-8.375	0.
7.67935	-8.25	0.
7.72374	-8.125	0.
7.76804	-8.	0.
7.81223	-7.875	0.
7.85631	-7.75	0.
7.90027	-7.625	0.
7.94412	-7.5	0.
7.98786	-7.375	0.
8.03147	-7.25	0.
8.07496	-7.125	0.
8.11832	-7.	0.
8.16155	-6.875	0.
8.20465	-6.75	0.
8.24761	-6.625	0.
8.29044	-6.5	0.
8.33312	-6.375	0.
8.37565	-6.25	0.
8.41804	-6.125	0.
8.46027	-6.	0.
8.50235	-5.875	0.
8.54427	-5.75	0.
8.58604	-5.625	0.
8.62764	-5.5	0.
8.66907	-5.375	0.
8.71033	-5.25	0.
8.75142	-5.125	0.
8.79233	-5.	0.
8.83307	-4.875	0.
8.87362	-4.75	0.
8.91399	-4.625	0.
8.95417	-4.5	0.
8.99416	-4.375	0.
9.03396	-4.25	0.
9.07356	-4.125	0.
9.11295	-4.	0.
9.15215	-3.875	0.
9.19114	-3.75	0.
9.22992	-3.625	0.
9.26849	-3.5	0.
9.30684	-3.375	0.
9.34498	-3.25	0.
9.38289	-3.125	0.
9.42058	-3.	0.
9.45805	-2.875	0.
9.49528	-2.75	0.
9.53228	-2.625	0.
9.56904	-2.5	0.
9.60557	-2.375	0.
9.64185	-2.25	0.
9.67788	-2.125	0.
9.71367	-2.	0.
9.7492	-1.875	0.
9.78449	-1.75	0.
9.81951	-1.625	0.
9.85427	-1.5	0.
9.88877	-1.375	0.
9.923	-1.25	0.
9.95697	-1.125	0.
9.99066	-1.	0.
10.0241	-0.875	0.
10.0572	-0.75	0.
10.0901	-0.625	0.
10.1226	-0.5	0.
10.1549	-0.375	0.
10.1869	-0.25	0.
10.2186	-0.125	0.
10.25	-5.32019e-013	0.
10.25	8.88178e-016	0.
10.2811	0.125	0.
10.3119	0.25	0.
10.3424	0.375	0.
10.3726	0.5	0.
10.4025	0.625	0.
10.4322	0.75	0.
10.4615	0.875	0.
10.4905	1.	0.
10.5193	1.125	0.
10.5477	1.25	0.
10.5759	1.375	0.
10.6038	1.5	0.
10.6314	1.625	0.
10.6587	1.75	0.
10.6858	1.875	0.
10.7126	2.	0.
10.7391	2.125	0.
10.7653	2.25	0.
10.7912	2.375	0.
10.8169	2.5	0.
10.8423	2.625	0.
10.8674	2.75	0.
10.8923	2.875	0.
10.9168	3.	0.
10.9412	3.125	0.
10.9652	3.25	0.
10.989	3.375	0.
11.0125	3.5	0.
11.0358	3.625	0.
11.0588	3.75	0.
11.0816	3.875	0.
11.1041	4.	0.
11.1263	4.125	0.
11.1483	4.25	0.
11.17	4.375	0.
11.1915	4.5	0.
11.2128	4.625	0.
11.2338	4.75	0.
11.2545	4.875	0.
11.275	5.	0.
11.2953	5.125	0.
11.3153	5.25	0.
11.335	5.375	0.
11.3546	5.5	0.
11.3739	5.625	0.
11.3929	5.75	0.
11.4117	5.875	0.
11.4303	6.	0.
11.4487	6.125	0.
11.4668	6.25	0.
11.4847	6.375	0.
11.5024	6.5	0.
11.5198	6.625	0.
11.537	6.75	0.
11.554	6.875	0.
11.5708	7.	0.
11.5873	7.125	0.
11.6036	7.25	0.
11.6197	7.375	0.
11.6356	7.5	0.
11.6513	7.625	0.
11.6668	7.75	0.
11.682	7.875	0.
11.697	8.	0.
11.7119	8.125	0.
11.7265	8.25	0.
11.7409	8.375	0.
11.7551	8.5	0.
11.7691	8.625	0.
11.7829	8.75	0.
11.7965	8.875	0.
11.8099	9.	0.
11.8231	9.125	0.
11.8361	9.25	0.
11.8489	9.375	0.
11.8615	9.5	0.
11.8739	9.625	0.
11.8861	9.75	0.
11.8982	9.875	0.
11.91	10.	0.
11.9217	10.125	0.
11.9331	10.25	0.
11.9444	10.375	0.
11.9555	10.5	0.
11.9664	10.625	0.
11.9772	10.75	0.
11.9877	10.875	0.
11.9981	11.	0.
12.0083	11.125	0.
12.0184	11.25	0.
12.0282	11.375	0.
12.0379	11.5	0.
12.0474	11.625	0.
12.0568	11.75	0.
12.0659	11.875	0.
12.075	12.	0.
12.0838	12.125	0.
12.0925	12.25	0.
12.101	12.375	0.
12.1094	12.5	0.
12.1176	12.625	0.
12.1256	12.75	0.
12.1335	12.875	0.
12.1412	13.	0.
12.1488	13.125	0.
12.1562	13.25	0.
12.1635	13.375	0.
12.1706	13.5	0.
12.1776	13.625	0.
12.1845	13.75	0.
12.1911	13.875	0.
12.1977	14.	0.
12.2041	14.125	0.
12.2103	14.25	0.
12.2165	14.375	0.
12.2224	14.5	0.
12.2283	14.625	0.
12.234	14.75	0.
12.2396	14.875	0.
12.245	15.	0.
12.2503	15.125	0.
12.2555	15.25	0.
12.2605	15.375	0.
12.2655	15.5	0.
12.2703	15.625	0.
12.2749	15.75	0.
12.2795	15.875	0.
12.2839	16.	0.
12.2882	16.125	0.
12.2924	16.25	0.
12.2965	16.375	0.
12.3005	16.5	0.
12.3043	16.625	0.
12.308	16.75	0.
12.3117	16.875	0.
12.3152	17.	0.
12.3186	17.125	0.
12.3219	17.25	0.
12.325	17.375	0.
12.3281	17.5	0.
12.3311	17.625	0.
12.334	17.75	0.
12.3368	17.875	0.
12.3394	18.	0.
12.342	18.125	0.
12.3445	18.25	0.
12.3469	18.375	0.
12.3492	18.5	0.
12.3514	18.625	0.
12.3535	18.75	0.
12.3555	18.875	0.
12.3575	19.	0.
12.3593	19.125	0.
12.3611	19.25	0.
12.3628	19.375	0.
12.3644	19.5	0.
12.3659	19.625	0.
12.3673	19.75	0.
12.3687	19.875	0.
12.37	20.	0.
12.3712	20.125	0.
12.3724	20.25	0.
12.3734	20.375	0.
12.3744	20.5	0.
12.3753	20.625	0.
12.3762	20.75	0.
12.377	20.875	0.
12.3777	21.	0.
12.3784	21.125	0.
12.379	21.25	0.
12.3795	21.375	0.
12.38	21.5	0.
12.3804	21.625	0.
12.3808	21.75	0.
12.3811	21.875	0.
12.3814	22.	0.
12.3816	22.125	0.
12.3817	22.25	0.
12.3818	22.375	0.
12.3819	22.5	0.
12.3819	22.625	0.
12.3818	22.75	0.
12.3818	22.875	0.
12.3816	23.	0.
12.3815	23.125	0.
12.3813	23.25	0.
12.381	23.375	0.
12.3807	23.5	0.
12.3804	23.625	0.
12.3801	23.75	0.
12.3797	23.875	0.
12.3793	24.	0.
12.3788	24.125	0.
12.3784	24.25	0.
12.3779	24.375	0.
12.3773	24.5	0.
12.3768	24.625	0.
12.3762	24.75	0.
12.3756	24.875	0.
12.375	25.	0.
12.375	25.	0.
12.3744	25.125	0.
12.3737	25.25	0.
12.373	25.375	0.
12.3723	25.5	0.
12.3716	25.625	0.
12.3709	25.75	0.
12.3701	25.875	0.
12.3693	26.	0.
12.3685	26.125	0.
12.3676	26.25	0.
12.3667	26.375	0.
12.3658	26.5	0.
12.3648	26.625	0.
12.3638	26.75	0.
12.3628	26.875	0.
12.3617	27.	0.
12.3606	27.125	0.
12.3594	27.25	0.
12.3582	27.375	0.
12.357	27.5	0.
12.3557	27.625	0.
12.3543	27.75	0.
12.3529	27.875	0.
12.3515	28.	0.
12.35	28.125	0.
12.3485	28.25	0.
12.3469	28.375	0.
12.3452	28.5	0.
12.3435	28.625	0.
12.3418	28.75	0.
12.3399	28.875	0.
12.3381	29.	0.
12.3361	29.125	0.
12.3341	29.25	0.
12.332	29.375	0.
12.3299	29.5	0.
12.3277	29.625	0.
12.3254	29.75	0.
12.3231	29.875	0.
12.3207	30.	0.
12.3182	30.125	0.
12.3156	30.25	0.
12.313	30.375	0.
12.3103	30.5	0.
12.3075	30.625	0.
12.3046	30.75	0.
12.3017	30.875	0.
12.2986	31.	0.
12.2955	31.125	0.
12.2923	31.25	0.
12.289	31.375	0.
12.2857	31.5	0.
12.2822	31.625	0.
12.2786	31.75	0.
12.275	31.875	0.
12.2713	32.	0.
12.2674	32.125	0.
12.2635	32.25	0.
12.2595	32.375	0.
12.2554	32.5	0.
12.2512	32.625	0.
12.2468	32.75	0.
12.2424	32.875	0.
12.2379	33.	0.
12.2333	33.125	0.
12.2285	33.25	0.
12.2237	33.375	0.
12.2187	33.5	0.
12.2137	33.625	0.
12.2085	33.75	0.
12.2032	33.875	0.
12.1978	34.	0.
12.1923	34.125	0.
12.1867	34.25	0.
12.1809	34.375	0.
12.175	34.5	0.
12.169	34.625	0.
12.1629	34.75	0.
12.1567	34.875	0.
12.1503	35.	0.
12.1438	35.125	0.
12.1372	35.25	0.
12.1305	35.375	0.
12.1236	35.5	0.
12.1166	35.625	0.
12.1095	35.75	0.
12.1022	35.875	0.
12.0948	36.	0.
12.0872	36.125	0.
12.0795	36.25	0.
12.0717	36.375	0.
12.0638	36.5	0.
12.0556	36.625	0.
12.0474	36.75	0.
12.039	36.875	0.
12.0305	37.	0.
12.0218	37.125	0.
12.0129	37.25	0.
12.0039	37.375	0.
11.9948	37.5	0.
11.9855	37.625	0.
11.976	37.75	0.
11.9664	37.875	0.
11.9567	38.	0.
11.9468	38.125	0.
11.9367	38.25	0.
11.9264	38.375	0.
11.916	38.5	0.
11.9055	38.625	0.
11.8947	38.75	0.
11.8838	38.875	0.
11.8728	39.	0.
11.8615	39.125	0.
11.8501	39.25	0.
11.8385	39.375	0.
11.8268	39.5	0.
11.8148	39.625	0.
11.8027	39.75	0.
11.7905	39.875	0.
11.778	40.	0.
11.7654	40.125	0.
11.7525	40.25	0.
11.7395	40.375	0.
11.7263	40.5	0.
11.713	40.625	0.
11.6994	40.75	0.
11.6857	40.875	0.
11.6717	41.	0.
11.6576	41.125	0.
11.6433	41.25	0.
11.6288	41.375	0.
11.6141	41.5	0.
11.5991	41.625	0.
11.584	41.75	0.
11.5687	41.875	0.
11.5532	42.	0.
11.5375	42.125	0.
11.5216	42.25	0.
11.5055	42.375	0.
11.4892	42.5	0.
11.4727	42.625	0.
11.456	42.75	0.
11.439	42.875	0.
11.4219	43.	0.
11.4045	43.125	0.
11.3869	43.25	0.
11.3691	43.375	0.
11.3511	43.5	0.
11.3329	43.625	0.
11.3145	43.75	0.
11.2958	43.875	0.
11.2769	44.	0.
11.2578	44.125	0.
11.2385	44.25	0.
11.2189	44.375	0.
11.1991	44.5	0.
11.1791	44.625	0.
11.1589	44.75	0.
11.1384	44.875	0.
11.1177	45.	0.
11.0967	45.125	0.
11.0755	45.25	0.
11.0541	45.375	0.
11.0325	45.5	0.
11.0106	45.625	0.
10.9885	45.75	0.
10.9661	45.875	0.
10.9435	46.	0.
10.9206	46.125	0.
10.8975	46.25	0.
10.8742	46.375	0.
10.8505	46.5	0.
10.8267	46.625	0.
10.8026	46.75	0.
10.7782	46.875	0.
10.7536	47.	0.
10.7288	47.125	0.
10.7036	47.25	0.
10.6783	47.375	0.
10.6526	47.5	0.
10.6267	47.625	0.
10.6006	47.75	0.
10.5741	47.875	0.
10.5475	48.	0.
10.5205	48.125	0.
10.4933	48.25	0.
10.4658	48.375	0.
10.438	48.5	0.
10.41	48.625	0.
10.3817	48.75	0.
10.3531	48.875	0.
10.3242	49.	0.
10.2951	49.125	0.
10.2657	49.25	0.
10.236	49.375	0.
10.206	49.5	0.
10.1758	49.625	0.
10.1453	49.75	0.
10.1144	49.875	0.
10.0833	50.	0.
10.0519	50.125	0.
10.0203	50.25	0.
9.9883	50.375	0.
9.95606	50.5	0.
9.92355	50.625	0.
9.89076	50.75	0.
9.85771	50.875	0.
9.82438	51.	0.
9.7908	51.125	0.
9.75695	51.25	0.
9.72284	51.375	0.
9.68848	51.5	0.
9.65386	51.625	0.
9.619	51.75	0.
9.58389	51.875	0.
9.54854	52.	0.
9.51294	52.125	0.
9.47711	52.25	0.
9.44105	52.375	0.
9.40475	52.5	0.
9.36822	52.625	0.
9.33147	52.75	0.
9.2945	52.875	0.
9.2573	53.	0.
9.21989	53.125	0.
9.18226	53.25	0.
9.14443	53.375	0.
9.10638	53.5	0.
9.06813	53.625	0.
9.02968	53.75	0.
8.99102	53.875	0.
8.95218	54.	0.
8.91313	54.125	0.
8.8739	54.25	0.
8.83448	54.375	0.
8.79488	54.5	0.
8.75509	54.625	0.
8.71512	54.75	0.
8.67498	54.875	0.
8.63467	55.	0.
8.59418	55.125	0.
8.55353	55.25	0.
8.51271	55.375	0.
8.47174	55.5	0.
8.4306	55.625	0.
8.38931	55.75	0.
8.34787	55.875	0.
8.30628	56.	0.
8.26454	56.125	0.
8.22266	56.25	0.
8.18063	56.375	0.
8.13847	56.5	0.
8.09618	56.625	0.
8.05375	56.75	0.
8.01119	56.875	0.
7.96851	57.	0.
7.92571	57.125	0.
7.88278	57.25	0.
7.83974	57.375	0.
7.79658	57.5	0.
7.75332	57.625	0.
7.70994	57.75	0.
7.66646	57.875	0.
7.62287	58.	0.
7.57919	58.125	0.
7.53541	58.25	0.
7.49154	58.375	0.
7.44757	58.5	0.
7.40352	58.625	0.
7.35939	58.75	0.
7.31517	58.875	0.
7.27087	59.	0.
7.2265	59.125	0.
7.18205	59.25	0.
7.13753	59.375	0.
7.09295	59.5	0.
7.0483	59.625	0.
7.00359	59.75	0.
6.95882	59.875	0.
6.914	60.	0.
6.86912	60.125	0.
6.8242	60.25	0.
6.77923	60.375	0.
6.73421	60.5	0.
6.68915	60.625	0.
6.64406	60.75	0.
6.59893	60.875	0.
6.55377	61.	0.
6.50858	61.125	0.
6.46336	61.25	0.
6.41813	61.375	0.
6.37287	61.5	0.
6.32759	61.625	0.
6.2823	61.75	0.
6.237	61.875	0.
6.19169	62.	0.
6.14637	62.125	0.
6.10105	62.25	0.
6.05573	62.375	0.
6.01042	62.5	0.
5.96511	62.625	0.
5.91981	62.75	0.
5.87452	62.875	0.
5.82925	63.	0.
5.78399	63.125	0.
5.73876	63.25	0.
5.69355	63.375	0.
5.64837	63.5	0.
5.60321	63.625	0.
5.55809	63.75	0.
5.51301	63.875	0.
5.46796	64.	0.
5.42296	64.125	0.
5.378	64.25	0.
5.33308	64.375	0.
5.28822	64.5	0.
5.24341	64.625	0.
5.19866	64.75	0.
5.15397	64.875	0.
5.10933	65.	0.
5.06477	65.125	0.
5.02027	65.25	0.
4.97584	65.375	0.
4.93148	65.5	0.
4.88721	65.625	0.
4.84301	65.75	0.
4.79889	65.875	0.
4.75486	66.	0.
4.71092	66.125	0.
4.66707	66.25	0.
4.62332	66.375	0.
4.57966	66.5	0.
4.5361	66.625	0.
4.49265	66.75	0.
4.4493	66.875	0.
4.40606	67.	0.
4.36293	67.125	0.
4.31992	67.25	0.
4.27702	67.375	0.
4.23425	67.5	0.
4.1916	67.625	0.
4.14908	67.75	0.
4.10668	67.875	0.
4.06442	68.	0.
4.0223	68.125	0.
3.98031	68.25	0.
3.93846	68.375	0.
3.89676	68.5	0.
3.85521	68.625	0.
3.8138	68.75	0.
3.77255	68.875	0.
3.73146	69.	0.
3.69052	69.125	0.
3.64975	69.25	0.
3.60914	69.375	0.
3.5687	69.5	0.
3.52842	69.625	0.
3.48833	69.75	0.
3.44841	69.875	0.
3.40867	70.	0.
3.36911	70.125	0.
3.32974	70.25	0.
3.29055	70.375	0.
3.25156	70.5	0.
3.21276	70.625	0.
3.17416	70.75	0.
3.13576	70.875	0.
3.09756	71.	0.
3.05956	71.125	0.
3.02178	71.25	0.
2.98421	71.375	0.
2.94685	71.5	0.
2.90971	71.625	0.
2.8728	71.75	0.
2.8361	71.875	0.
2.79963	72.	0.
2.76339	72.125	0.
2.72739	72.25	0.
2.69162	72.375	0.
2.65608	72.5	0.
2.62079	72.625	0.
2.58574	72.75	0.
2.55094	72.875	0.
2.51639	73.	0.
2.4821	73.125	0.
2.44806	73.25	0.
2.41427	73.375	0.
2.38075	73.5	0.
2.3475	73.625	0.
2.31451	73.75	0.
2.28179	73.875	0.
2.24935	74.	0.
2.21718	74.125	0.
2.18529	74.25	0.
2.15369	74.375	0.
2.12237	74.5	0.
2.09134	74.625	0.
2.0606	74.75	0.
2.03015	74.875	0.
2.	75.	0.
1.97015	75.125	0.
1.9406	75.25	0.
1.91134	75.375	0.
1.88238	75.5	0.
1.85372	75.625	0.
1.82535	75.75	0.
1.79726	75.875	0.
1.76947	76.	0.
1.74197	76.125	0.
1.71475	76.25	0.
1.68782	76.375	0.
1.66117	76.5	0.
1.6348	76.625	0.
1.60871	76.75	0.
1.58291	76.875	0.
1.55738	77.	0.
1.53212	77.125	0.
1.50714	77.25	0.
1.48244	77.375	0.
1.458	77.5	0.
1.43383	77.625	0.
1.40994	77.75	0.
1.38631	77.875	0.
1.36294	78.	0.
1.33984	78.125	0.
1.31701	78.25	0.
1.29443	78.375	0.
1.27211	78.5	0.
1.25005	78.625	0.
1.22825	78.75	0.
1.2067	78.875	0.
1.18541	79.	0.
1.16437	79.125	0.
1.14357	79.25	0.
1.12303	79.375	0.
1.10274	79.5	0.
1.08269	79.625	0.
1.06288	79.75	0.
1.04332	79.875	0.
1.024	80.	0.
1.00492	80.125	0.
0.986078	80.25	0.
0.967473	80.375	0.
0.949104	80.5	0.
0.930969	80.625	0.
0.913066	80.75	0.
0.895394	80.875	0.
0.877952	81.	0.
0.860738	81.125	0.
0.84375	81.25	0.
0.826987	81.375	0.
0.810448	81.5	0.
0.794131	81.625	0.
0.778034	81.75	0.
0.762156	81.875	0.
0.746496	82.	0.
0.731052	82.125	0.
0.715822	82.25	0.
0.700805	82.375	0.
0.686	82.5	0.
0.671405	82.625	0.
0.657018	82.75	0.
0.642838	82.875	0.
0.628864	83.	0.
0.615094	83.125	0.
0.601526	83.25	0.
0.588159	83.375	0.
0.574992	83.5	0.
0.562023	83.625	0.
0.54925	83.75	0.
0.536672	83.875	0.
0.524288	84.	0.
0.512096	84.125	0.
0.500094	84.25	0.
0.488281	84.375	0.
0.476656	84.5	0.
0.465217	84.625	0.
0.453962	84.75	0.
0.44289	84.875	0.
0.432	85.	0.
0.42129	85.125	0.
0.410758	85.25	0.
0.400403	85.375	0.
0.390224	85.5	0.
0.380219	85.625	0.
0.370386	85.75	0.
0.360724	85.875	0.
0.351232	86.	0.
0.341908	86.125	0.
0.33275	86.25	0.
0.323757	86.375	0.
0.314928	86.5	0.
0.306261	86.625	0.
0.297754	86.75	0.
0.289406	86.875	0.
0.281216	87.	0.
0.273182	87.125	0.
0.265302	87.25	0.
0.257575	87.375	0.
0.25	87.5	0.
0.242575	87.625	0.
0.235298	87.75	0.
0.228168	87.875	0.
0.221184	88.	0.
0.214344	88.125	0.
0.207646	88.25	0.
0.201089	88.375	0.
0.194672	88.5	0.
0.188393	88.625	0.
0.18225	88.75	0.
0.176242	88.875	0.
0.170368	89.	0.
0.164626	89.125	0.
0.159014	89.25	0.
0.153531	89.375	0.
0.148176	89.5	0.
0.142947	89.625	0.
0.137842	89.75	0.
0.13286	89.875	0.
0.128	90.	0.
0.12326	90.125	0.
0.118638	90.25	0.
0.114133	90.375	0.
0.109744	90.5	0.
0.105469	90.625	0.
0.101306	90.75	0.
9.72542e-002	90.875	0.
9.3312e-002	91.	0.
8.94777e-002	91.125	0.
8.575e-002	91.25	0.
8.21272e-002	91.375	0.
7.8608e-002	91.5	0.
7.51907e-002	91.625	0.
7.1874e-002	91.75	0.
6.86562e-002	91.875	0.
6.5536e-002	92.	0.
6.25117e-002	92.125	0.
5.9582e-002	92.25	0.
5.67452e-002	92.375	0.
5.4e-002	92.5	0.
5.13447e-002	92.625	0.
4.8778e-002	92.75	0.
4.62982e-002	92.875	0.
4.3904e-002	93.	0.
4.15937e-002	93.125	0.
3.9366e-002	93.25	0.
3.72192e-002	93.375	0.
3.5152e-002	93.5	0.
3.31627e-002	93.625	0.
3.125e-002	93.75	0.
2.94122e-002	93.875	0.
2.7648e-002	94.	0.
2.59557e-002	94.125	0.
2.4334e-002	94.25	0.
2.27812e-002	94.375	0.
2.1296e-002	94.5	0.
1.98767e-002	94.625	0.
1.8522e-002	94.75	0.
1.72302e-002	94.875	0.
1.6e-002	95.	0.
1.48297e-002	95.125	0.
1.3718e-002	95.25	0.
1.26632e-002	95.375	0.
1.1664e-002	95.5	0.
1.07187e-002	95.625	0.
9.826e-003	95.75	0.
8.98425e-003	95.875	0.
8.192e-003	96.	0.
7.44775e-003	96.125	0.
6.75e-003	96.25	0.
6.09725e-003	96.375	0.
5.488e-003	96.5	0.
4.92075e-003	96.625	0.
4.394e-003	96.75	0.
3.90625e-003	96.875	0.
3.456e-003	97.	0.
3.04175e-003	97.125	0.
2.662e-003	97.25	0.
2.31525e-003	97.375	0.
2.e-003	97.5	0.
1.71475e-003	97.625	0.
1.458e-003	97.75	0.
1.22825e-003	97.875	0.
1.024e-003	98.	0.
8.4375e-004	98.125	0.
6.86e-004	98.25	0.
5.4925e-004	98.375	0.
4.32e-004	98.5	0.
3.3275e-004	98.625	0.
2.5e-004	98.75	0.
1.8225e-004	98.875	0.
1.28e-004	99.	0.
8.575e-005	99.125	0.
5.4e-005	99.25	0.
3.125e-005	99.375	0.
1.6e-005	99.5	0.
6.75e-006	99.625	0.
2.e-006	99.75	0.
2.5e-007	99.875	0.
0.	100.	0.
0.	100.125	0.
0.	100.25	0.
0.	100.375	0.
0.	100.5	0.
0.	100.625	0.
0.	100.75	0.
0.	100.875	0.
0.	101.	0.
0.	101.125	0.
0.	101.25	0.
0.	101.375	0.
0.	101.5	0.
0.	101.625	0.
0.	101.75	0.
0.	101.875	0.
0.	102.	0.
0.	102.125	0.
0.	102.25	0.
0.	102.375	0.
0.	102.5	0.
0.	102.625	0.
0.	102.75	0.
0.	102.875	0.
0.	103.	0.
0.	103.125	0.
0.	103.25	0.
0.	103.375	0.
0.	103.5	0.
0.	103.625	0.
0.	103.75	0.
0.	103.875	0.
0.	104.	0.
0.	104.125	0.
0.	104.25	0.
0.	104.375	0.
0.	104.5	0.
0.	104.625	0.
0.	104.75	0.
0.	104.875	0.
0.	105.	0.
0.	105.125	0.
0.	105.25	0.
0.	105.375	0.
0.	105.5	0.
0.	105.625	0.
0.	105.75	0.
0.	105.875	0.
0.	106.	0.
0.	106.125	0.
0.	106.25	0.
0.	106.375	0.
0.	106.5	0.
0.	106.625	0.
0.	106.75	0.
0.	106.875	0.
0.	107.	0.
0.	107.125	0.
0.	107.25	0.
0.	107.375	0.
0.	107.5	0.
0.	107.625	0.
0.	107.75	0.
0.	107.875	0.
0.	108.	0.
0.	108.125	0.
0.	108.25	0.
0.	108.375	0.
0.	108.5	0.
0.	108.625	0.
0.	108.75	0.
0.	108.875	0.
0.	109.	0.
0.	109.125	0.
0.	109.25	0.
0.	109.375	0.
0.	109.5	0.
0.	109.625	0.
0.	109.75	0.
0.	109.875	0.
0.	110.	0.
0.	110.125	0.
0.	110.25	0.
0.	110.375	0.
0.	110.5	0.
0.	110.625	0.
0.	110.75	0.
0.	110.875	0.
0.	111.	0.
0.	111.125	0.
0.	111.25	0.
0.	111.375	0.
0.	111.5	0.
0.	111.625	0.
0.	111.75	0.
0.	111.875	0.
0.	112.	0.
0.	112.125	0.
0.	112.25	0.
0.	112.375	0.
0.	112.5	0.
0.	112.625	0.
0.	112.75	0.
0.	112.875	0.
0.	113.	0.
0.	113.125	0.
0.	113.25	0.
0.	113.375	0.
0.	113.5	0.
0.	113.625	0.
0.	113.75	0.
0.	113.875	0.
0.	114.	0.
0.	114.125	0.
0.	114.25	0.
0.	114.375	0.
0.	114.5	0.
0.	114.625	0.
0.	114.75	0.
0.	114.875	0.
0.	115.	0.
0.	115.125	0.
0.	115.25	0.
0.	115.375	0.
0.	115.5	0.
0.	115.625	0.
0.	115.75	0.
0.	115.875	0.
0.	116.	0.
0.	116.125	0.
0.	116.25	0.
0.	116.375	0.
0.	116.5	0.
0.	116.625	0.
0.	116.75	0.
0.	116.875	0.
0.	117.	0.
0.	117.125	0.
0.	117.25	0.
0.	117.375	0.
0.	117.5	0.
0.	117.625	0.
0.	117.75	0.
0.	117.875	0.
0.	118.	0.
0.	118.125	0.
0.	118.25	0.
0.	118.375	0.
0.	118.5	0.
0.	118.625	0.
0.	118.75	0.
0.	118.875	0.
0.	119.	0.
0.	119.125	0.
0.	119.25	0.
0.	119.375	0.
0.	119.5	0.
0.	119.625	0.
0.	119.75	0.
0.	119.875	0.
0.	120.	0.
0.	120.125	0.
0.	120.25	0.
0.	120.375	0.
0.	120.5	0.
0.	120.625	0.
0.	120.75	0.
0.	120.875	0.
0.	121.	0.
0.	121.125	0.
0.	121.25	0.
0.	121.375	0.
0.	121.5	0.
0.	121.625	0.
0.	121.75	0.
0.	121.875	0.
0.	122.	0.
0.	122.125	0.
0.	122.25	0.
0.	122.375	0.
0.	122.5	0.
0.	122.625	0.
0.	122.75	0.
0.	122.875	0.
0.	123.	0.
0.	123.125	0.
0.	123.25	0.
0.	123.375	0.
0.	123.5	0.
0.	123.625	0.
0.	123.75	0.
0.	123.875	0.
0.	124.	0.
0.	124.125	0.
0.	124.25	0.
0.	124.375	0.
0.	124.5	0.
0.	124.625	0.
0.	124.75	0.
0.	124.875	0.
0.	125.	0.
0.	125.125	0.
0.	125.25	0.
0.	125.375	0.
0.	125.5	0.
0.	125.625	0.
0.	125.75	0.
0.	125.875	0.
0.	126.	0.
0.	126.125	0.
0.	126.25	0.
0.	126.375	0.
0.	126.5	0.
0.	126.626	0.
0.	126.751	0.
0.	126.876	0.
0.	127.001	0.
0.	127.126	0.
0.	127.252	0.
0.	127.377	0.
0.	127.502	0.
0.	127.627	0.
0.	127.753	0.
0.	127.878	0.
0.	128.004	0.
0.	128.129	0.
0.	128.255	0.
0.	128.38	0.
0.	128.506	0.
0.	128.631	0.
0.	128.757	0.
0.	128.883	0.
0.	129.009	0.
0.	129.134	0.
0.	129.26	0.
0.	129.386	0.
0.	129.512	0.
0.	129.638	0.
0.	129.764	0.
0.	129.89	0.
0.	130.017	0.
0.	130.143	0.
0.	130.269	0.
0.	130.396	0.
0.	130.522	0.
0.	130.649	0.
0.	130.775	0.
0.	130.902	0.
0.	131.029	0.
0.	131.156	0.
0.	131.283	0.
0.	131.41	0.
0.	131.537	0.
0.	131.664	0.
0.	131.791	0.
0.	131.918	0.
0.	132.046	0.
0.	132.173	0.
0.	132.301	0.
0.	132.428	0.
0.	132.556	0.
0.	132.684	0.
0.	132.812	0.
0.	132.94	0.
0.	133.068	0.
0.	133.197	0.
0.	133.325	0.
0.	133.453	0.
0.	133.582	0.
0.	133.711	0.
0.	133.839	0.
0.	133.968	0.
0.	134.097	0.
0.	134.226	0.
0.	134.356	0.
0.	134.485	0.
0.	134.614	0.
0.	134.744	0.
0.	134.874	0.
0.	135.003	0.
0.	135.133	0.
0.	135.263	0.
0.	135.394	0.
0.	135.524	0.
0.	135.654	0.
0.	135.785	0.
0.	135.916	0.
0.	136.046	0.
0.	136.177	0.
0.	136.309	0.
0.	136.44	0.
0.	136.571	0.
0.	136.703	0.
0.	136.834	0.
0.	136.966	0.
0.	137.098	0.
0.	137.23	0.
0.	137.363	0.
0.	137.495	0.
0.	137.628	0.
0.	137.76	0.
0.	137.893	0.
0.	138.026	0.
0.	138.16	0.
0.	138.293	0.
0.	138.426	0.
0.	138.56	0.
0.	138.694	0.
0.	138.828	0.
0.	138.962	0.
0.	139.097	0.
0.	139.231	0.
0.	139.366	0.
0.	139.501	0.
0.	139.636	0.
0.	139.771	0.
0.	139.906	0.
0.	140.042	0.
0.	140.178	0.
0.	140.314	0.
0.	140.45	0.
0.	140.586	0.
0.	140.723	0.
0.	140.86	0.
0.	140.997	0.
0.	141.134	0.
0.	141.271	0.
0.	141.408	0.
0.	141.546	0.
0.	141.684	0.
0.	141.822	0.
0.	141.96	0.
0.	142.099	0.
0.	142.238	0.
0.	142.377	0.
0.	142.516	0.
0.	142.655	0.
0.	142.795	0.
0.	142.934	0.
0.	143.074	0.
0.	143.215	0.
0.	143.355	0.
0.	143.496	0.
0.	143.637	0.
0.	143.778	0.
0.	143.919	0.
0.	144.06	0.
0.	144.202	0.
0.	144.344	0.
0.	144.486	0.
0.	144.629	0.
0.	144.772	0.
0.	144.915	0.
0.	145.058	0.
0.	145.201	0.
0.	145.345	0.
0.	145.489	0.
0.	145.633	0.
0.	145.777	0.
0.	145.922	0.
0.	146.067	0.
0.	146.212	0.
0.	146.357	0.
0.	146.503	0.
0.	146.649	0.
0.	146.795	0.
0.	146.941	0.
0.	147.088	0.
0.	147.235	0.
0.	147.382	0.
0.	147.529	0.
0.	147.677	0.
0.	147.825	0.
0.	147.973	0.
0.	148.122	0.
0.	148.271	0.
0.	148.42	0.
0.	148.569	0.
0.	148.719	0.
0.	148.869	0.
0.	149.019	0.
0.	149.169	0.
0.	149.32	0.
0.	149.471	0.
0.	149.622	0.
0.	149.774	0.
0.	149.926	0.
0.	150.078	0.
0.	150.23	0.
0.	150.383	0.
0.	150.536	0.
0.	150.69	0.
0.	150.843	0.
0.	150.997	0.
0.	151.151	0.
0.	151.306	0.
0.	151.461	0.
0.	151.616	0.
0.	151.771	0.
0.	151.927	0.
0.	152.083	0.
0.	152.24	0.
0.	152.396	0.
0.	152.554	0.
0.	152.711	0.
0.	152.869	0.
0.	153.027	0.
0.	153.185	0.
0.	153.344	0.
0.	153.503	0.
0.	153.663	0.
0.	153.823	0.
0.	153.983	0.
0.	154.144	0.
0.	154.305	0.
0.	154.467	0.
0.	154.629	0.
0.	154.791	0.
0.	154.954	0.
0.	155.117	0.
0.	155.281	0.
0.	155.446	0.
0.	155.61	0.
0.	155.776	0.
0.	155.941	0.
0.	156.108	0.
0.	156.274	0.
0.	156.442	0.
0.	156.609	0.
0.	156.778	0.
0.	156.947	0.
0.	157.116	0.
0.	157.286	0.
0.	157.457	0.
0.	157.628	0.
0.	157.799	0.
0.	157.972	0.
0.	158.144	0.
0.	158.318	0.
0.	158.492	0.
0.	158.667	0.
0.	158.842	0.
0.	159.018	0.
0.	159.195	0.
0.	159.372	0.
0.	159.55	0.
0.	159.728	0.
0.	159.907	0.
0.	160.087	0.
0.	160.268	0.
0.	160.449	0.
0.	160.631	0.
0.	160.814	0.
0.	160.997	0.
0.	161.181	0.
0.	161.366	0.
0.	161.552	0.
0.	161.738	0.
0.	161.926	0.
0.	162.113	0.
0.	162.302	0.
0.	162.492	0.
0.	162.682	0.
0.	162.873	0.
0.	163.065	0.
0.	163.257	0.
0.	163.451	0.
0.	163.645	0.
0.	163.84	0.
0.	164.036	0.
0.	164.233	0.
0.	164.431	0.
0.	164.629	0.
0.	164.829	0.
0.	165.029	0.
0.	165.23	0.
0.	165.432	0.
0.	165.635	0.
0.	165.839	0.
0.	166.044	0.
0.	166.25	0.
0.	166.457	0.
0.	166.664	0.
0.	166.873	0.
0.	167.083	0.
0.	167.293	0.
0.	167.505	0.
0.	167.717	0.
0.	167.931	0.
0.	168.145	0.
0.	168.361	0.
0.	168.577	0.
0.	168.795	0.
0.	169.013	0.
0.	169.233	0.
0.	169.454	0.
0.	169.675	0.
0.	169.898	0.
0.	170.122	0.
0.	170.347	0.
0.	170.573	0.
0.	170.8	0.
0.	171.028	0.
0.	171.258	0.
0.	171.488	0.
0.	171.72	0.
0.	171.952	0.
0.	172.186	0.
0.	172.421	0.
0.	172.657	0.
0.	172.895	0.
0.	173.133	0.
0.	173.373	0.
0.	173.614	0.
0.	173.856	0.
0.	174.099	0.
0.	174.343	0.
0.	174.589	0.
0.	174.836	0.
0.	175.084	0.
0.	175.333	0.
0.	175.584	0.
0.	175.836	0.
0.	176.089	0.
0.	176.343	0.
0.	176.599	0.
0.	176.856	0.
0.	177.114	0.
0.	177.374	0.
0.	177.635	0.
0.	177.897	0.
0.	178.161	0.
0.	178.426	0.
0.	178.692	0.
0.	178.959	0.
0.	179.228	0.
0.	179.499	0.
0.	179.77	0.
0.	180.043	0.
0.	180.318	0.
0.	180.594	0.
0.	180.871	0.
0.	181.15	0.
0.	181.43	0.
0.	181.711	0.
0.	181.994	0.
0.	182.279	0.
0.	182.565	0.
0.	182.852	0.
0.	183.141	0.
0.	183.431	0.
0.	183.723	0.
0.	184.016	0.
0.	184.311	0.
0.	184.607	0.
0.	184.905	0.
0.	185.204	0.
0.	185.505	0.
0.	185.807	0.
0.	186.111	0.
0.	186.417	0.
0.	186.724	0.
0.	187.032	0.
0.	187.342	0.
0.	187.654	0.
0.	187.968	0.
0.	188.283	0.
0.	188.599	0.
0.	188.917	0.
0.	189.237	0.
0.	189.559	0.
0.	189.882	0.
0.	190.206	0.
0.	190.533	0.
0.	190.861	0.
0.	191.191	0.
0.	191.522	0.
0.	191.855	0.
0.	192.19	0.
0.	192.526	0.
0.	192.865	0.
0.	193.205	0.
0.	193.546	0.
0.	193.89	0.
0.	194.235	0.
0.	194.582	0.
0.	194.93	0.
0.	195.281	0.
0.	195.633	0.
0.	195.987	0.
0.	196.342	0.
0.	196.7	0.
0.	197.059	0.
0.	197.42	0.
0.	197.783	0.
0.	198.148	0.
0.	198.515	0.
0.	198.883	0.
0.	199.254	0.
0.	199.626	0.

