EndlessNurbs
ctrlpoints
0	-830.578	0
1.03822	-738.292	0
16.6116	-674.037	0
0	-553.719	0
1.03822	-461.432	0
-12.4587	-369.146	0
4.15289	-276.859	0
-3.11467	-184.573	0
-13.4969	-92.2864	0
3.11467	0	0
-2.07644	92.2864	0
13.4969	184.573	0
0	276.859	0
0	369.146	0
14.5351	461.432	0
0	553.719	0
-18.688	646.005	0
0	738.292	0
0	830.578	0
knots
0
0
0
0
1
2
3
4
5
6
7
8
9
10
11
12
13
14
15
16
16
16
16
#Curvature
#282.991
#282.991
#285.083
#285.576
#287.208
#288.21
#288.745
#289.368
#290.894
#291.196
#Length
#1666.21
#Scale
#200
