EndlessNurbs
ctrlpoints
0	-831.977	0
0	-772.55	0
7.2798	-713.123	0
0	-653.696	0
-5.19986	-594.269	0
0	-534.843	0
5.19986	-475.416	0
0	-415.989	0
-5.19986	-356.562	0
0	-297.135	0
-6.23983	-237.708	0
-1.03997	-178.281	0
5.19986	-118.854	0
0	-59.4269	0
0	-1.84736e-013	0
5.19986	59.4269	0
0	118.854	0
-5.19986	178.281	0
0	237.708	0
5.19986	297.135	0
0	356.562	0
-5.19986	415.989	0
0	475.416	0
-6.23983	534.843	0
-5.19986	594.269	0
0	653.696	0
-6.23983	713.123	0
2.07994	772.55	0
0	831.977	0
knots
0
0
0
0
1
2
3
4
5
6
7
8
9
10
11
12
13
14
15
16
17
18
19
20
21
22
23
24
25
26
26
26
26
#Curvature
#308.747
#308.747
#308.747
#308.747
#308.747
#308.747
#308.747
#308.747
#310.149
#310.448
#Length
#1666.46
#Scale
#200
