EndlessNurbs
ctrlpoints
0	-830.906	0
20.7726	-738.583	0
0	-646.26	0
0	-553.937	0
-12.4636	-461.614	0
-6.23179	-369.292	0
1.03863	-276.969	0
-11.425	-184.646	0
-2.07726	-92.3229	0
3.1159	0	0
12.4636	92.3229	0
-3.1159	184.646	0
0	276.969	0
12.4636	369.292	0
0	461.614	0
0	553.937	0
-15.5795	646.26	0
1.03863	738.583	0
0	830.906	0
knots
0
0
0
0
1
2
3
4
5
6
7
8
9
10
11
12
13
14
15
16
16
16
16
#Curvature
#341.937
#342.521
#342.864
#342.898
#342.906
#343.006
#343.025
#343.185
#343.224
#343.436
#Length
#1666.52
#Scale
#200
