EndlessNurbs
ctrlpoints
-2.05	-2	0
-2.05	-1.875	0
-2	-1.75	0
-1.85	-1.625	0
-1.65	-1.5	0
-1.45	-1.375	0
-1.2	-1.3	0
0.05	-1.125	0
0.25	-1	0
0.4	-0.875	0
0.55	-0.75	0
0.55	-0.625	0
0.55	-0.5	0
0.45	-0.375	0
0	-0.25	0
0	-0.125	0
-0.05	4.44089e-016	0
-0.05	0.125	0
-0.05	0.25	0
0	0.375	0
0.05	0.5	0
0.05	0.625	0
0	0.75	0
0.05	0.875	0
0.05	1	0
1.5	1.125	0
1.55	1.25	0
1.55	1.375	0
1.5	1.5	0
0.05	1.575	0
0.05	1.75	0
0.15	1.875	0
0.1	2	0
0	2.125	0
knots
0
0
0
0
1
2
3
4
5
6
7
8
9
10
11
12
13
14
15
16
17
18
19
20
21
21
22
23
24
25
26
27
28
29
30
30
30
30
